Time (sec),Thrust (N),Temperature (°C)
0.0020,0.44877097,0.0
0.0040,0.51908207,0.0
0.0060,0.6597041,0.0
0.0080,0.7300151,0.0
0.011,0.8706371,0.0
0.013,1.327659,0.0
0.015,1.4331257,0.0
0.018,1.5737478,0.0
0.02,1.7143698,0.0
0.022,2.1713917,0.0
0.025,2.276858,0.0
0.027,2.4526358,0.0
0.029,2.593258,0.0
0.031,2.8393464,0.0
0.033,3.1909018,0.0
0.036,3.015124,0.0
0.038,3.401835,0.0
0.04,4.034634,0.0
0.042,4.491656,0.0
0.044,4.3510337,0.0
0.047,4.1752563,0.0
0.049,5.018989,0.0
0.051,5.651788,0.0
0.053,5.4056997,0.0
0.055,5.370544,0.0
0.058,6.319743,0.0
0.061,7.022854,0.0
0.063,6.847076,0.0
0.065,7.1283207,0.0
0.067,7.9368978,0.0
0.069,8.112676,0.0
0.072,8.288453,0.0
0.074,8.640008,0.0
0.076,9.132185,0.0
0.078,9.6946745,0.0
0.08,10.222007,0.0
0.083,10.503251,0.0
0.085,11.311828,0.0
0.087,11.382139,0.0
0.089,11.628227,0.0
0.091,11.874316,0.0
0.094,12.6477375,0.0
0.096,12.964137,0.0
0.098,13.210226,0.0
0.1,14.229736,0.0
0.103,14.897691,0.0
0.105,14.581291,0.0
0.108,14.757069,0.0
0.11,15.917201,0.0
0.112,16.444534,0.0
0.114,16.33907,0.0
0.116,16.374224,0.0
0.119,17.499199,0.0
0.121,18.167154,0.0
0.123,18.20231,0.0
0.125,18.940577,0.0
0.127,19.256977,0.0
0.13,18.307777,0.0
0.132,19.151508,0.0
0.134,20.206175,0.0
0.136,20.87413,0.0
0.138,20.381952,0.0
0.14,20.381952,0.0
0.143,22.491283,0.0
0.146,22.84284,0.0
0.148,21.858486,0.0
0.15,22.45613,0.0
0.152,24.459993,0.0
0.155,24.073282,0.0
0.157,23.54595,0.0
0.159,24.354528,0.0
0.161,25.936525,0.0
0.163,25.971682,0.0
0.166,24.987326,0.0
0.168,24.987326,0.0
0.17,26.323236,0.0
0.172,26.323236,0.0
0.174,26.077147,0.0
0.177,26.99119,0.0
0.179,27.026348,0.0
0.181,27.23728,0.0
0.183,26.99119,0.0
0.185,27.694302,0.0
0.187,28.291946,0.0
0.191,27.870079,0.0
0.193,27.975546,0.0
0.195,28.713812,0.0
0.197,28.88959,0.0
0.199,28.3271,0.0
0.202,28.819279,0.0
0.204,29.2763,0.0
0.206,29.487232,0.0
0.208,29.381767,0.0
0.21,29.346613,0.0
0.213,29.452078,0.0
0.215,29.66301,0.0
0.217,30.2255,0.0
0.219,30.190344,0.0
0.221,29.557545,0.0
0.223,30.682522,0.0
0.226,30.8583,0.0
0.228,30.330965,0.0
0.231,30.717676,0.0
0.233,30.612211,0.0
0.235,30.014566,0.0
0.238,29.030212,0.0
0.24,29.170835,0.0
0.242,29.20599,0.0
0.244,28.151323,0.0
0.246,28.467724,0.0
0.249,27.870079,0.0
0.251,27.55368,0.0
0.253,26.780258,0.0
0.255,26.709948,0.0
0.257,26.674793,0.0
0.259,25.655281,0.0
0.262,25.90137,0.0
0.264,26.463858,0.0
0.266,25.584969,0.0
0.268,24.63577,0.0
0.27,24.459993,0.0
0.274,24.706083,0.0
0.276,23.897505,0.0
0.278,22.913149,0.0
0.28,22.877995,0.0
0.282,22.45613,0.0
0.285,21.471773,0.0
0.287,20.24133,0.0
0.289,19.046043,0.0
0.291,18.659332,0.0
0.293,18.132,0.0
0.296,17.077333,0.0
0.298,16.444534,0.0
0.3,16.550001,0.0
0.302,16.585155,0.0
0.304,15.84689,0.0
0.306,15.249247,0.0
0.309,15.987513,0.0
0.311,15.917201,0.0
0.313,15.425024,0.0
0.315,15.284402,0.0
0.318,14.862536,0.0
0.321,14.82738,0.0
0.323,14.264892,0.0
0.325,14.19458,0.0
0.327,14.335203,0.0
0.329,13.737559,0.0
0.332,13.350848,0.0
0.334,13.702404,0.0
0.336,13.737559,0.0
0.338,13.315692,0.0
0.34,12.85867,0.0
0.342,13.245381,0.0
0.345,13.596936,0.0
0.347,13.315692,0.0
0.349,12.753204,0.0
0.351,12.964137,0.0
0.353,12.999293,0.0
0.356,13.1399145,0.0
0.359,12.6477375,0.0
0.361,12.085249,0.0
0.363,12.542272,0.0
0.365,12.542272,0.0
0.368,12.682893,0.0
0.37,12.296183,0.0
0.372,11.839161,0.0
0.374,12.542272,0.0
0.376,12.718049,0.0
0.378,12.1555605,0.0
0.381,11.839161,0.0
0.383,12.542272,0.0
0.385,12.331338,0.0
0.387,12.4016485,0.0
0.389,12.577427,0.0
0.392,11.944628,0.0
0.394,11.628227,0.0
0.396,12.4016485,0.0
0.398,12.436804,0.0
0.4,11.874316,0.0
0.404,11.13605,0.0
0.406,12.366494,0.0
0.408,12.366494,0.0
0.41,11.276671,0.0
0.412,11.346983,0.0
0.415,11.768849,0.0
0.417,11.9094715,0.0
0.419,11.733694,0.0
0.421,11.100894,0.0
0.423,11.593072,0.0
0.425,12.050094,0.0
0.428,11.698539,0.0
0.43,10.854806,0.0
0.432,11.45245,0.0
0.434,12.050094,0.0
0.436,11.13605,0.0
0.439,10.995428,0.0
0.441,11.557917,0.0
0.443,11.557917,0.0
0.446,10.995428,0.0
0.448,11.030584,0.0
0.451,11.487606,0.0
0.453,11.1712055,0.0
0.455,10.854806,0.0
0.457,11.311828,0.0
0.459,11.311828,0.0
0.461,10.854806,0.0
0.464,10.749339,0.0
0.466,11.311828,0.0
0.468,11.1712055,0.0
0.47,10.81965,0.0
0.472,10.995428,0.0
0.475,11.628227,0.0
0.477,11.065739,0.0
0.479,10.643872,0.0
0.481,11.1712055,0.0
0.483,11.206362,0.0
0.487,11.030584,0.0
0.489,10.6790285,0.0
0.491,10.960273,0.0
0.493,11.206362,0.0
0.495,10.749339,0.0
0.497,10.714184,0.0
0.5,10.854806,0.0
0.502,10.995428,0.0
0.504,10.643872,0.0
0.506,10.81965,0.0
0.508,10.714184,0.0
0.511,10.503251,0.0
0.513,10.784495,0.0
0.515,10.643872,0.0
0.517,10.573562,0.0
0.519,10.362629,0.0
0.522,10.327474,0.0
0.524,10.714184,0.0
0.526,10.643872,0.0
0.528,10.362629,0.0
0.531,10.397784,0.0
0.534,10.362629,0.0
0.536,10.714184,0.0
0.538,10.784495,0.0
0.54,10.186851,0.0
0.542,9.80014,0.0
0.544,10.397784,0.0
0.547,10.960273,0.0
0.549,10.222007,0.0
0.551,10.011073,0.0
0.553,9.659518,0.0
0.555,10.889961,0.0
0.558,10.608717,0.0
0.56,9.518896,0.0
0.562,10.43294,0.0
0.564,10.6790285,0.0
0.566,10.362629,0.0
0.569,9.764984,0.0
0.571,10.046229,0.0
0.574,10.925117,0.0
0.576,9.905607,0.0
0.578,9.659518,0.0
0.58,10.046229,0.0
0.583,9.905607,0.0
0.585,9.975918,0.0
0.587,9.729829,0.0
0.589,10.222007,0.0
0.591,9.624363,0.0
0.594,9.624363,0.0
0.596,10.257162,0.0
0.598,9.940762,0.0
0.6,9.589207,0.0
0.602,9.905607,0.0
0.605,10.222007,0.0
0.607,9.659518,0.0
0.609,9.764984,0.0
0.611,9.940762,0.0
0.613,9.80014,0.0
0.616,9.975918,0.0
0.619,10.081385,0.0
0.621,10.081385,0.0
0.623,9.6946745,0.0
0.625,9.80014,0.0
0.627,10.186851,0.0
0.63,10.151695,0.0
0.632,9.764984,0.0
0.634,9.729829,0.0
0.636,10.046229,0.0
0.638,9.940762,0.0
0.641,9.80014,0.0
0.643,9.624363,0.0
0.645,10.081385,0.0
0.647,9.729829,0.0
0.649,10.046229,0.0
0.652,10.011073,0.0
0.654,9.518896,0.0
0.656,9.729829,0.0
0.659,10.292317,0.0
0.661,10.011073,0.0
0.663,10.011073,0.0
0.666,9.764984,0.0
0.668,10.573562,0.0
0.67,9.975918,0.0
0.672,9.764984,0.0
0.674,10.186851,0.0
0.677,10.046229,0.0
0.679,9.870452,0.0
0.681,9.6946745,0.0
0.683,9.764984,0.0
0.685,10.327474,0.0
0.688,9.589207,0.0
0.69,9.624363,0.0
0.692,10.186851,0.0
0.694,10.257162,0.0
0.696,9.905607,0.0
0.698,9.764984,0.0
0.702,10.11654,0.0
0.704,10.081385,0.0
0.706,9.870452,0.0
0.708,10.11654,0.0
0.71,10.081385,0.0
0.713,10.186851,0.0
0.715,10.081385,0.0
0.717,10.151695,0.0
0.719,9.835296,0.0
0.721,10.292317,0.0
0.724,9.940762,0.0
0.726,9.870452,0.0
0.728,9.835296,0.0
0.73,9.940762,0.0
0.732,9.975918,0.0
0.734,9.589207,0.0
0.737,9.905607,0.0
0.739,9.835296,0.0
0.741,9.80014,0.0
0.744,9.905607,0.0
0.746,9.659518,0.0
0.749,9.6946745,0.0
0.751,9.80014,0.0
0.753,9.835296,0.0
0.755,9.870452,0.0
0.757,9.764984,0.0
0.76,9.48374,0.0
0.762,9.659518,0.0
0.764,10.046229,0.0
0.766,9.659518,0.0
0.768,9.589207,0.0
0.771,10.292317,0.0
0.773,9.870452,0.0
0.775,9.343119,0.0
0.777,9.4485855,0.0
0.779,9.870452,0.0
0.781,9.6946745,0.0
0.784,9.307962,0.0
0.787,9.518896,0.0
0.789,9.659518,0.0
0.791,9.413429,0.0
0.793,9.659518,0.0
0.796,9.905607,0.0
0.798,10.151695,0.0
0.8,9.413429,0.0
0.802,9.764984,0.0
0.804,9.729829,0.0
0.807,9.940762,0.0
0.809,9.4485855,0.0
0.811,9.6946745,0.0
0.813,10.503251,0.0
0.815,9.6946745,0.0
0.817,9.659518,0.0
0.82,9.554051,0.0
0.822,9.975918,0.0
0.824,9.167341,0.0
0.826,9.272807,0.0
0.829,10.468095,0.0
0.832,9.729829,0.0
0.834,9.307962,0.0
0.836,9.48374,0.0
0.838,9.975918,0.0
0.84,10.151695,0.0
0.843,9.343119,0.0
0.845,9.554051,0.0
0.847,9.905607,0.0
0.849,9.4485855,0.0
0.851,9.518896,0.0
0.853,9.272807,0.0
0.856,9.48374,0.0
0.858,9.729829,0.0
0.86,9.764984,0.0
0.862,9.202497,0.0
0.864,9.48374,0.0
0.867,10.046229,0.0
0.869,9.518896,0.0
0.872,9.237651,0.0
0.874,9.764984,0.0
0.876,9.132185,0.0
0.879,9.272807,0.0
0.881,9.48374,0.0
0.883,9.80014,0.0
0.885,9.026718,0.0
0.887,9.09703,0.0
0.89,10.327474,0.0
0.892,9.343119,0.0
0.894,8.886097,0.0
0.896,9.624363,0.0
0.898,9.80014,0.0
0.9,9.237651,0.0
0.903,9.09703,0.0
0.905,9.237651,0.0
0.907,10.186851,0.0
0.909,9.343119,0.0
0.911,8.7103195,0.0
0.915,9.4485855,0.0
0.917,10.11654,0.0
0.919,9.202497,0.0
0.921,8.886097,0.0
0.923,10.081385,0.0
0.926,9.48374,0.0
0.928,9.202497,0.0
0.93,8.991564,0.0
0.932,9.413429,0.0
0.934,9.6946745,0.0
0.936,8.886097,0.0
0.939,9.09703,0.0
0.941,9.6946745,0.0
0.943,9.764984,0.0
0.945,8.886097,0.0
0.947,8.991564,0.0
0.95,10.046229,0.0
0.952,9.554051,0.0
0.954,8.464231,0.0
0.957,9.518896,0.0
0.959,9.764984,0.0
0.962,9.272807,0.0
0.964,9.026718,0.0
0.966,9.4485855,0.0
0.968,9.378274,0.0
0.97,9.026718,0.0
0.972,9.589207,0.0
0.975,9.554051,0.0
0.977,9.132185,0.0
0.979,9.343119,0.0
0.981,9.624363,0.0
0.983,9.4485855,0.0
0.986,9.167341,0.0
0.988,9.518896,0.0
0.99,9.237651,0.0
0.992,9.167341,0.0
0.994,9.975918,0.0
0.997,9.589207,0.0
1.0,8.675163,0.0
1.002,9.061874,0.0
1.004,9.870452,0.0
1.006,9.870452,0.0
1.009,8.7103195,0.0
1.011,9.061874,0.0
1.013,9.659518,0.0
1.015,9.589207,0.0
1.017,9.167341,0.0
1.019,9.132185,0.0
1.022,9.835296,0.0
1.024,9.624363,0.0
1.026,9.4485855,0.0
1.028,9.378274,0.0
1.03,9.378274,0.0
1.033,9.518896,0.0
1.035,10.43294,0.0
1.037,9.589207,0.0
1.039,8.675163,0.0
1.042,10.046229,0.0
1.045,10.538406,0.0
1.047,9.48374,0.0
1.049,8.850941,0.0
1.051,10.151695,0.0
1.053,10.43294,0.0
1.055,8.429074,0.0
1.058,8.850941,0.0
1.06,10.889961,0.0
1.062,10.362629,0.0
1.064,8.429074,0.0
1.066,9.589207,0.0
1.069,10.538406,0.0
1.071,9.624363,0.0
1.073,9.167341,0.0
1.075,9.4485855,0.0
1.077,10.081385,0.0
1.08,9.975918,0.0
1.082,8.850941,0.0
1.085,9.659518,0.0
1.087,10.11654,0.0
1.089,9.518896,0.0
1.091,9.4485855,0.0
1.094,9.307962,0.0
1.096,9.835296,0.0
1.098,9.343119,0.0
1.1,9.307962,0.0
1.102,9.870452,0.0
1.105,9.343119,0.0
1.107,9.237651,0.0
1.109,9.378274,0.0
1.111,9.6946745,0.0
1.113,8.991564,0.0
1.116,9.202497,0.0
1.118,9.764984,0.0
1.12,9.343119,0.0
1.122,9.09703,0.0
1.124,9.167341,0.0
1.128,9.764984,0.0
1.13,9.6946745,0.0
1.132,8.78063,0.0
1.134,9.132185,0.0
1.136,9.132185,0.0
1.138,9.343119,0.0
1.141,9.554051,0.0
1.143,8.815785,0.0
1.145,9.378274,0.0
1.147,9.729829,0.0
1.149,9.307962,0.0
1.152,8.745475,0.0
1.154,9.167341,0.0
1.156,9.764984,0.0
1.158,9.343119,0.0
1.16,8.745475,0.0
1.163,9.6946745,0.0
1.165,9.202497,0.0
1.167,8.745475,0.0
1.17,9.237651,0.0
1.172,10.11654,0.0
1.174,9.48374,0.0
1.177,8.534542,0.0
1.179,9.729829,0.0
1.181,9.48374,0.0
1.183,9.026718,0.0
1.185,8.464231,0.0
1.188,10.011073,0.0
1.19,10.397784,0.0
1.192,8.253297,0.0
1.194,8.850941,0.0
1.196,10.011073,0.0
1.199,9.729829,0.0
1.201,8.78063,0.0
1.203,8.604852,0.0
1.205,9.905607,0.0
1.207,9.378274,0.0
1.209,8.815785,0.0
1.213,9.202497,0.0
1.215,10.011073,0.0
1.217,9.4485855,0.0
1.219,9.343119,0.0
1.221,8.991564,0.0
1.224,9.132185,0.0
1.226,9.659518,0.0
1.228,9.167341,0.0
1.23,9.554051,0.0
1.232,9.413429,0.0
1.235,9.237651,0.0
1.237,9.343119,0.0
1.239,9.167341,0.0
1.241,9.307962,0.0
1.243,9.202497,0.0
1.246,9.272807,0.0
1.248,9.48374,0.0
1.25,8.850941,0.0
1.252,9.307962,0.0
1.255,9.870452,0.0
1.257,9.132185,0.0
1.26,9.307962,0.0
1.262,9.272807,0.0
1.264,9.237651,0.0
1.266,9.202497,0.0
1.268,9.09703,0.0
1.271,9.167341,0.0
1.273,9.202497,0.0
1.275,9.272807,0.0
1.277,8.78063,0.0
1.279,9.343119,0.0
1.282,9.48374,0.0
1.284,9.343119,0.0
1.286,9.343119,0.0
1.288,9.307962,0.0
1.29,9.237651,0.0
1.292,9.132185,0.0
1.295,9.554051,0.0
1.298,9.659518,0.0
1.3,9.09703,0.0
1.302,9.167341,0.0
1.304,9.237651,0.0
1.307,9.80014,0.0
1.309,9.167341,0.0
1.311,8.921252,0.0
1.313,9.413429,0.0
1.315,9.343119,0.0
1.318,9.307962,0.0
1.32,8.921252,0.0
1.322,9.09703,0.0
1.324,9.975918,0.0
1.326,8.78063,0.0
1.328,9.09703,0.0
1.331,10.081385,0.0
1.333,9.4485855,0.0
1.335,9.343119,0.0
1.337,9.870452,0.0
1.339,9.48374,0.0
1.343,9.061874,0.0
1.345,9.589207,0.0
1.347,9.307962,0.0
1.349,9.307962,0.0
1.351,9.307962,0.0
1.354,9.48374,0.0
1.356,9.764984,0.0
1.358,9.518896,0.0
1.36,9.237651,0.0
1.362,9.237651,0.0
1.365,9.6946745,0.0
1.367,9.413429,0.0
1.369,9.378274,0.0
1.371,9.343119,0.0
1.373,9.554051,0.0
1.375,9.48374,0.0
1.378,9.307962,0.0
1.38,9.4485855,0.0
1.383,9.764984,0.0
1.385,9.4485855,0.0
1.387,9.061874,0.0
1.39,9.4485855,0.0
1.392,9.835296,0.0
1.394,9.237651,0.0
1.396,9.202497,0.0
1.398,9.554051,0.0
1.401,9.343119,0.0
1.403,9.554051,0.0
1.405,9.378274,0.0
1.407,9.237651,0.0
1.409,9.237651,0.0
1.411,9.378274,0.0
1.414,9.237651,0.0
1.416,8.604852,0.0
1.418,9.48374,0.0
1.42,9.659518,0.0
1.422,8.886097,0.0
1.426,8.991564,0.0
1.428,9.378274,0.0
1.43,9.80014,0.0
1.432,8.956408,0.0
1.434,9.48374,0.0
1.437,9.764984,0.0
1.439,9.237651,0.0
1.441,9.624363,0.0
1.443,9.413429,0.0
1.445,9.659518,0.0
1.447,9.343119,0.0
1.45,9.589207,0.0
1.452,9.870452,0.0
1.454,9.132185,0.0
1.456,9.09703,0.0
1.458,9.554051,0.0
1.461,9.413429,0.0
1.463,9.343119,0.0
1.465,9.132185,0.0
1.467,9.413429,0.0
1.47,9.518896,0.0
1.473,9.48374,0.0
1.475,8.7103195,0.0
1.477,9.764984,0.0
1.479,9.132185,0.0
1.481,9.272807,0.0
1.484,9.026718,0.0
1.486,9.237651,0.0
1.488,9.975918,0.0
1.49,9.413429,0.0
1.492,8.675163,0.0
1.494,9.554051,0.0
1.497,9.378274,0.0
1.499,9.307962,0.0
1.501,9.518896,0.0
1.503,9.167341,0.0
1.505,8.921252,0.0
1.508,9.343119,0.0
1.511,9.343119,0.0
1.513,9.09703,0.0
1.515,8.745475,0.0
1.517,9.4485855,0.0
1.52,8.991564,0.0
1.522,9.48374,0.0
1.524,9.307962,0.0
1.526,8.182986,0.0
1.528,9.764984,0.0
1.53,9.343119,0.0
1.533,9.272807,0.0
1.535,8.78063,0.0
1.537,9.48374,0.0
1.539,9.80014,0.0
1.541,8.815785,0.0
1.544,9.764984,0.0
1.546,8.991564,0.0
1.548,9.307962,0.0
1.55,9.589207,0.0
1.552,9.4485855,0.0
1.556,9.343119,0.0
1.558,8.991564,0.0
1.56,9.554051,0.0
1.562,9.518896,0.0
1.564,9.167341,0.0
1.566,9.061874,0.0
1.569,8.886097,0.0
1.571,10.222007,0.0
1.573,9.026718,0.0
1.575,8.499386,0.0
1.577,10.081385,0.0
1.58,9.132185,0.0
1.582,9.272807,0.0
1.584,9.48374,0.0
1.586,9.80014,0.0
1.588,9.272807,0.0
1.591,9.132185,0.0
1.593,9.764984,0.0
1.595,8.921252,0.0
1.598,9.307962,0.0
1.6,9.48374,0.0
1.603,8.675163,0.0
1.605,10.081385,0.0
1.607,9.272807,0.0
1.609,9.624363,0.0
1.611,9.80014,0.0
1.613,9.589207,0.0
1.616,9.4485855,0.0
1.618,9.167341,0.0
1.62,9.624363,0.0
1.622,9.167341,0.0
1.624,9.48374,0.0
1.627,9.4485855,0.0
1.629,9.132185,0.0
1.631,9.272807,0.0
1.633,9.48374,0.0
1.635,8.850941,0.0
1.639,9.202497,0.0
1.641,9.589207,0.0
1.643,9.378274,0.0
1.645,8.288453,0.0
1.647,9.554051,0.0
1.649,9.554051,0.0
1.652,9.167341,0.0
1.654,9.589207,0.0
1.656,8.569696,0.0
1.658,10.151695,0.0
1.66,9.09703,0.0
1.663,9.202497,0.0
1.665,9.518896,0.0
1.667,9.167341,0.0
1.669,9.48374,0.0
1.671,9.4485855,0.0
1.674,9.343119,0.0
1.676,9.48374,0.0
1.678,9.132185,0.0
1.68,9.413429,0.0
1.683,8.956408,0.0
1.685,9.80014,0.0
1.688,9.835296,0.0
1.69,9.061874,0.0
1.692,9.4485855,0.0
1.694,9.518896,0.0
1.696,9.061874,0.0
1.699,9.167341,0.0
1.701,9.835296,0.0
1.703,8.675163,0.0
1.705,9.09703,0.0
1.707,9.413429,0.0
1.71,9.4485855,0.0
1.712,9.132185,0.0
1.714,9.026718,0.0
1.716,9.4485855,0.0
1.718,9.307962,0.0
1.721,9.343119,0.0
1.723,9.026718,0.0
1.726,9.272807,0.0
1.728,9.589207,0.0
1.73,8.921252,0.0
1.732,9.272807,0.0
1.735,9.132185,0.0
1.737,9.237651,0.0
1.739,8.745475,0.0
1.741,9.624363,0.0
1.743,9.026718,0.0
1.746,9.09703,0.0
1.748,9.518896,0.0
1.75,8.7103195,0.0
1.752,9.132185,0.0
1.754,9.343119,0.0
1.757,9.167341,0.0
1.759,9.307962,0.0
1.761,9.4485855,0.0
1.763,9.729829,0.0
1.765,9.09703,0.0
1.768,9.09703,0.0
1.771,9.518896,0.0
1.773,9.167341,0.0
1.775,8.850941,0.0
1.777,8.886097,0.0
1.779,8.921252,0.0
1.782,8.007209,0.0
1.784,8.042364,0.0
1.786,7.725965,0.0
1.788,7.3744097,0.0
1.79,7.058009,0.0
1.793,6.284588,0.0
1.795,6.42521,0.0
1.797,5.897877,0.0
1.799,5.5814776,0.0
1.801,4.6322784,0.0
1.803,4.7729006,0.0
1.806,3.9994786,0.0
1.808,3.9643235,0.0
1.811,3.647924,0.0
1.813,2.593258,0.0
1.815,3.015124,0.0
1.818,2.73388,0.0
1.82,1.995614,0.0
1.822,2.0307693,0.0
1.824,1.6792144,0.0
1.826,1.6440587,0.0
1.829,1.2925035,0.0
1.831,1.2573481,0.0
1.833,1.187037,0.0
1.835,1.0815704,0.0
1.837,0.76517075,0.0
