0.046,1
0.074,1
0.094,1
0.113,1
0.132,1
0.152,1
0.171,1
0.19,1
0.21,1
0.23,1
0.248,1
0.267,1
0.287,1
0.307,1
0.326,1
0.346,1
0.365,1
0.385,1
0.404,1
0.424,1
0.443,1
0.463,1
0.482,1
0.502,1
0.521,1
0.54,0
0.559,0
0.578,0
0.598,0
0.617,0
0.636,0
0.655,0
0.675,0
0.694,1
0.713,1
0.732,1
0.751,1
0.771,1
0.79,1
0.81,1
0.829,1
0.849,1
0.868,1
0.887,1
0.907,1
0.927,1
0.946,1
0.966,1
0.985,1
1.004,1
1.023,1
1.043,1
1.062,1
1.08,1
1.1,1
1.119,1
1.139,1
1.158,1
1.178,1
1.197,1
1.216,1
1.235,1
1.255,1
1.274,1
1.294,1
1.313,1
1.332,1
1.352,1
1.371,1
1.39,1
1.409,1
1.428,1
1.448,1
1.467,1
1.486,1
1.505,1
1.524,1
1.544,1
1.563,1
1.583,1
1.603,1
1.622,1
1.641,1
1.66,0
1.679,0
1.699,0
1.718,0
1.737,0
1.756,0
1.775,0
1.795,0
1.814,0
1.833,1
1.852,1
1.871,1
1.891,1
1.91,1
1.93,1
1.949,1
1.969,1
1.988,1
2.007,1
2.026,1
2.045,1
2.065,1
2.084,1
2.103,1
2.122,1
2.141,1
2.161,1
2.18,1
2.2,1
2.219,1
2.239,1
2.258,1
2.278,1
2.297,1
2.317,1
2.336,1
2.355,1
2.375,1
2.394,1
2.414,1
2.433,1
2.451,1
2.471,1
2.496,1
2.518,1
2.541,1
2.562,1
2.582,1
2.609,1
2.641,1
2.661,1
2.68,1
2.699,1
2.718,1
2.738,1
2.757,0
2.777,0
2.797,0
2.816,0
2.834,0
2.853,0
2.872,0
2.892,0
2.911,1
2.93,1
2.949,1
2.968,1
2.988,1
3.007,1
3.026,1
3.044,1
3.063,1
3.082,1
3.102,1
3.121,1
3.14,1
3.16,1
3.179,1
3.198,1
3.218,1
3.237,1
3.256,1
3.275,1
3.294,1
3.314,1
3.333,1
3.352,1
3.371,1
3.391,1
3.41,1
3.429,1
3.448,1
3.467,1
3.486,1
3.506,1
3.525,1
3.544,1
3.563,1
3.582,1
3.602,1
3.621,1
3.64,1
3.659,1
3.678,1
3.697,1
3.717,1
3.736,1
3.755,1
3.775,1
3.794,1
3.813,1
3.833,1
3.852,1
3.871,1
3.89,0
3.909,0
3.929,0
3.948,0
3.967,0
3.986,0
4.005,0
4.025,0
4.044,0
4.063,1
4.082,1
4.101,1
4.121,1
4.14,1
4.159,1
4.179,1
4.198,1
4.217,1
4.237,1
4.256,1
4.275,1
4.294,1
4.313,1
4.332,1
4.352,1
4.371,1
4.39,1
4.409,1
4.428,1
4.448,1
4.467,1
4.486,1
4.505,1
4.524,1
4.544,1
4.563,1
4.582,1
4.601,1
4.62,1
4.64,1
4.659,1
4.678,1
4.697,1
4.716,1
4.736,1
4.755,1
4.774,1
4.793,1
4.812,1
4.832,1
4.851,1
4.87,1
4.889,1
4.908,1
4.927,1
4.947,1
4.966,1
4.985,0
5.004,0
5.023,0
5.043,0
5.062,0
5.081,0
5.1,0
5.119,0
5.138,1
5.158,1
5.177,1
5.197,1
5.217,1
5.236,1
5.255,1
5.274,1
5.293,1
5.312,1
5.332,1
5.351,1
5.37,1
5.389,1
5.408,1
5.428,1
5.447,1
5.466,1
5.486,1
5.505,1
5.525,1
5.544,1
5.563,1
5.582,1
5.601,1
5.62,1
5.64,1
5.659,1
5.678,1
5.697,1
5.716,1
5.736,1
5.755,1
5.774,1
5.793,1
5.812,1
5.832,1
5.851,1
5.871,1
5.89,1
5.909,1
5.929,1
5.948,1
5.967,1
5.986,1
6.005,1
6.025,1
6.044,1
6.063,1
6.082,1
6.101,0
6.121,0
6.141,0
6.16,0
6.179,0
6.199,0
6.218,0
6.237,0
6.256,0
6.275,1
6.295,1
6.314,1
6.333,1
6.353,1
6.372,1
6.392,1
6.411,1
6.429,1
6.448,1
6.467,1
6.487,1
6.506,1
6.525,1
6.544,1
6.563,1
6.582,1
6.602,1
6.621,1
6.64,1
6.659,1
6.678,1
6.697,1
6.717,1
6.736,1
6.755,1
6.774,1
6.793,1
6.813,1
6.832,1
6.851,1
6.871,1
6.89,1
6.909,1
6.929,1
6.948,1
6.967,1
6.986,1
7.005,1
7.025,1
7.044,1
7.063,1
7.082,1
7.101,1
7.121,1
7.14,1
7.159,1
7.178,1
7.197,1
7.216,0
7.236,0
7.255,0
7.274,0
7.293,0
7.331,0
7.35,0
7.369,1
7.388,1
7.408,1
7.427,1
7.446,1
7.465,1
7.484,1
7.503,1
7.523,1
7.542,1
7.561,1
7.58,1
7.599,1
7.619,1
7.638,1
7.657,1
7.676,1
7.695,1
7.714,1
7.734,1
7.753,1
7.772,1
7.791,1
7.811,1
7.83,1
7.849,1
7.868,1
7.887,1
7.907,1
7.926,1
7.945,1
7.964,1
7.983,1
8.002,1
8.022,1
8.041,1
8.06,1
8.079,1
8.098,1
8.117,1
8.137,1
8.156,1
8.175,1
8.194,1
8.213,1
8.233,1
8.252,1
8.271,1
8.29,1
8.309,1
8.328,0
8.348,0
8.367,0
8.386,0
8.405,0
8.424,0
8.444,0
8.463,0
8.482,0
8.501,0
8.52,1
8.54,1
8.559,1
8.578,1
8.597,1
8.616,1
8.635,1
8.654,1
8.674,1
8.693,1
8.712,1
8.731,1
8.75,1
8.77,1
8.789,1
8.808,1
8.827,1
8.846,1
8.866,1
8.885,1
8.904,1
8.923,1
8.942,1
8.961,1
8.981,1
9,1
9.019,1
9.038,1
9.057,1
9.076,1
9.096,1
9.115,1
9.134,1
9.153,1
9.172,1
9.192,1
9.211,1
9.23,1
9.249,1
9.268,1
9.287,1
9.306,1
9.326,1
9.345,1
9.364,1
9.383,1
9.402,1
9.422,1
9.441,0
9.461,0
9.48,0
9.499,0
9.519,0
9.538,0
9.557,0
9.577,0
9.596,1
9.615,1
9.635,1
9.654,1
9.673,1
9.692,1
9.711,1
9.731,1
9.75,1
9.769,1
9.787,1
9.806,1
9.825,1
9.845,1
9.864,1
9.883,1
9.902,1
9.921,1
9.94,1
9.96,1
9.979,1
9.998,1
10.017,1
10.036,1
10.056,1
10.075,1
10.094,1
10.113,1
10.132,1
10.152,1
10.171,1
10.19,1
10.21,1
10.229,1
10.249,1
10.268,1
10.287,1
10.307,1
10.326,1
10.345,1
10.364,1
10.383,1
10.403,1
10.422,1
10.441,1
10.461,1
10.48,1
10.499,1
10.519,1
10.538,1
10.557,0
10.576,0
10.595,0
10.615,0
10.634,0
10.653,0
10.672,0
10.691,0
10.71,0
10.73,1
10.749,1
10.768,1
10.787,1
10.806,1
10.826,1
10.845,1
10.864,1
10.883,1
10.902,1
10.921,1
10.941,1
10.96,1
10.979,1
10.998,1
11.017,1
11.037,1
11.056,1
11.075,1
11.095,1
11.114,1
11.134,1
11.153,1
11.172,1
11.191,1
11.211,1
11.23,1
11.249,1
11.268,1
11.288,1
11.307,1
11.326,1
11.346,1
11.365,1
11.384,1
11.404,1
11.423,1
11.442,1
11.461,1
11.48,1
11.499,1
11.519,1
11.538,1
11.557,1
11.576,1
11.595,1
11.614,1
11.634,1
11.653,1
11.672,0
11.691,0
11.71,0
11.729,0
11.749,0
11.768,0
11.787,0
11.806,0
11.825,1
11.845,1
11.864,1
11.883,1
11.902,1
11.921,1
11.941,1
11.96,1
11.979,1
11.998,1
12.017,1
12.036,1
12.056,1
12.075,1
12.094,1
12.113,1
12.132,1
12.151,1
12.171,1
12.19,1
12.209,1
12.229,1
12.248,1
12.267,1
12.287,1
12.306,1
12.325,1
12.345,1
12.364,1
12.383,1
12.403,1
12.422,1
12.442,1
12.461,1
12.48,1
12.5,1
12.519,1
12.538,1
12.557,1
12.576,1
12.595,1
12.615,1
12.634,1
12.653,1
12.672,1
12.691,1
12.711,1
12.73,1
12.749,1
12.769,1
12.788,0
12.808,0
12.827,0
12.846,0
12.865,0
12.884,0
12.904,0
12.923,0
12.942,0
12.962,1
12.981,1
13.001,1
13.02,1
13.039,1
13.058,1
13.077,1
13.097,1
13.116,1
13.135,1
13.154,1
13.173,1
13.192,1
13.212,1
13.231,1
13.25,1
13.27,1
13.289,1
13.308,1
13.328,1
13.347,1
13.366,1
13.385,1
13.404,1
13.424,1
13.443,1
13.462,1
13.482,1
13.501,1
13.52,1
13.54,1
13.559,1
13.578,1
13.597,1
13.616,1
13.636,1
13.655,1
13.674,1
13.693,1
13.712,1
13.731,1
13.751,1
13.77,1
13.789,1
13.808,1
13.827,1
13.846,1
13.866,1
13.885,1
13.904,0
13.923,0
13.942,0
13.962,0
13.981,0
14,0
14.019,0
14.038,1
14.057,1
14.076,1
14.096,1
14.115,1
14.135,1
14.154,1
14.173,1
14.193,1
14.212,1
14.231,1
14.25,1
14.269,1
14.288,1
14.308,1
14.327,1
14.346,1
14.365,1
14.384,1
14.403,1
14.423,1
14.442,1
14.461,1
14.48,1
14.499,1
14.518,1
14.538,1
14.557,1
14.576,1
14.595,1
14.614,1
14.633,1
14.653,1
14.672,1
14.691,1
14.71,1
14.729,1
14.748,1
14.768,1
14.787,1
14.806,1
14.825,1
14.844,1
14.864,1
14.883,1
14.902,1
14.921,1
14.94,1
14.959,1
14.979,1
14.998,1
15.017,0
15.036,0
15.055,0
15.075,0
15.094,0
15.113,0
15.132,0
15.151,0
15.17,0
15.19,1
15.209,1
15.227,1
15.246,1
15.266,1
15.285,1
15.304,1
15.323,1
15.342,1
15.361,1
15.381,1
15.4,1
15.42,1
15.439,1
15.458,1
15.478,1
15.497,1
15.515,1
15.534,1
15.553,1
15.573,1
15.592,1
15.611,1
15.631,1
15.65,1
15.669,1
15.689,1
15.708,1
15.727,1
15.746,1
15.765,1
15.784,1
15.804,1
15.823,1
15.842,1
15.862,1
15.881,1
15.9,1
15.92,1
15.939,1
15.958,1
15.977,1
15.996,1
16.016,1
16.035,1
16.054,1
16.073,1
16.092,1
16.112,1
16.131,0
16.151,0
16.17,0
16.189,0
16.209,0
16.228,0
16.248,0
16.267,0
16.286,1
16.306,1
16.325,1
16.344,1
16.364,1
16.383,1
16.402,1
16.422,1
16.441,1
16.46,1
16.479,1
16.498,1
16.518,1
16.537,1
16.556,1
16.574,1
16.593,1
16.612,1
16.632,1
16.651,1
16.67,1
16.689,1
16.708,1
16.728,1
16.747,1
16.766,1
16.785,1
16.804,1
16.823,1
16.843,1
16.862,1
16.881,1
16.9,1
16.919,1
16.938,1
16.958,1
16.977,1
16.996,1
17.015,1
17.034,1
17.053,1
17.073,1
17.092,1
17.111,1
17.13,1
17.149,1
17.168,1
17.188,1
17.207,1
17.227,1
17.246,0
17.265,0
17.285,0
17.304,0
17.323,0
17.342,0
17.361,0
17.381,0
17.4,0
17.419,1
17.438,1
17.457,1
17.477,1
17.496,1
17.515,1
17.534,1
17.553,1
17.572,1
17.592,1
17.611,1
17.63,1
17.649,1
17.668,1
17.687,1
17.707,1
17.726,1
17.745,1
17.765,1
17.784,1
17.804,1
17.823,1
17.843,1
17.862,1
17.882,1
17.901,1
17.92,1
17.939,1
17.958,1
17.977,1
17.997,1
18.016,1
18.035,1
18.055,1
18.074,1
18.093,1
18.113,1
18.132,1
18.151,1
18.17,1
18.189,1
18.208,1
18.228,1
18.247,1
18.266,1
18.285,1
18.304,1
18.324,1
18.343,1
18.362,0
18.38,0
18.399,0
18.419,0
18.438,0
18.457,0
18.476,0
18.495,1
18.514,1
18.534,1
18.553,1
18.572,1
18.591,1
18.61,1
18.629,1
18.649,1
18.668,1
18.687,1
18.706,1
18.725,1
18.744,1
18.764,1
18.783,1
18.802,1
18.821,1
18.84,1
18.86,1
18.879,1
18.898,1
18.918,1
18.937,1
18.956,1
18.975,1
18.994,1
19.014,1
19.033,1
19.052,1
19.071,1
19.09,1
19.11,1
19.129,1
19.147,1
19.166,1
19.185,1
19.205,1
19.224,1
19.243,1
19.262,1
19.281,1
19.3,1
19.32,1
19.339,1
19.358,1
19.378,1
19.397,1
19.416,1
19.436,1
19.455,1
19.474,0
19.494,0
19.513,0
19.532,0
19.552,0
19.571,0
19.59,0
19.61,0
19.629,0
19.649,1
19.668,1
19.687,1
19.707,1
19.726,1
19.745,1
19.765,1
19.784,1
19.803,1
19.822,1
19.841,1
19.86,1
19.88,1
19.899,1
19.918,1
19.937,1
19.956,1
19.975,1
19.995,1
20.014,1
20.033,1
20.052,1
20.071,1
20.09,1
20.11,1
20.129,1
20.148,1
20.167,1
20.186,1
20.205,1
20.225,1
20.245,1
20.264,1
20.284,1
20.303,1
20.322,1
20.341,1
20.361,1
20.38,1
20.399,1
20.418,1
20.437,1
20.457,1
20.476,1
20.495,1
20.514,1
20.533,1
20.553,1
20.572,0
20.591,0
20.611,0
20.63,0
20.649,0
20.669,0
20.688,0
20.707,0
20.727,1
20.746,1
20.765,1
20.785,1
20.804,1
20.823,1
20.842,1
20.861,1
20.881,1
20.9,1
20.919,1
20.939,1
20.958,1
20.977,1
20.997,1
21.016,1
21.035,1
21.054,1
21.073,1
21.092,1
21.112,1
21.131,1
21.151,1
21.171,1
21.19,1
21.209,1
21.229,1
21.248,1
21.267,1
21.287,1
21.306,1
21.325,1
21.345,1
21.364,1
21.383,1
21.403,1
21.422,1
21.442,1
21.461,1
21.481,1
21.5,1
21.519,1
21.538,1
21.557,1
21.576,1
21.596,1
21.615,1
21.634,1
21.653,1
21.672,1
21.691,0
21.711,0
21.73,0
21.749,0
21.768,0
21.787,0
21.806,0
21.826,0
21.845,0
21.864,1
21.883,1
21.902,1
21.921,1
21.941,1
21.96,1
21.979,1
21.998,1
22.017,1
22.037,1
22.056,1
22.075,1
22.094,1
22.113,1
22.133,1
22.152,1
22.171,1
22.19,1
22.209,1
22.228,1
22.248,1
22.267,1
22.286,1
22.305,1
22.324,1
22.343,1
22.363,1
22.382,1
22.401,1
22.421,1
22.44,1
22.459,1
22.479,1
22.498,1
22.517,1
22.536,1
22.555,1
22.574,1
22.594,1
22.613,1
22.632,1
22.651,1
22.67,1
22.69,1
22.709,1
22.728,1
22.747,1
22.766,1
22.785,1
22.805,0
22.824,0
22.843,0
22.863,0
22.882,0
22.901,0
22.92,0
22.939,0
22.958,1
22.978,1
22.997,1
23.016,1
23.035,1
23.054,1
23.073,1
23.093,1
23.112,1
23.131,1
23.15,1
23.169,1
23.188,1
23.208,1
23.227,1
23.247,1
23.266,1
23.285,1
23.305,1
23.324,1
23.343,1
23.362,1
23.381,1
23.401,1
23.42,1
23.439,1
23.459,1
23.478,1
23.497,1
23.517,1
23.536,1
23.555,1
23.575,1
23.594,1
23.613,1
23.633,1
23.652,1
23.671,1
23.691,1
23.71,1
23.729,1
23.749,1
23.768,1
23.787,1
23.807,1
23.826,1
23.846,1
23.865,1
23.884,1
23.904,1
23.923,0
23.942,0
23.962,0
23.981,0
24,0
24.02,0
24.039,0
24.058,0
24.078,0
24.097,1
24.116,1
24.135,1
24.154,1
24.173,1
24.193,1
24.212,1
24.231,1
24.25,1
24.269,1
24.288,1
24.308,1
24.327,1
24.346,1
24.365,1
24.384,1
24.403,1
24.423,1
24.442,1
24.461,1
24.48,1
24.5,1
24.519,1
24.538,1
24.558,1
24.577,1
24.596,1
24.616,1
24.635,1
24.655,1
24.674,1
24.693,1
24.713,1
24.732,1
24.752,1
24.771,1
24.79,1
24.81,1
24.829,1
24.848,1
24.867,1
24.886,1
24.906,1
24.925,1
24.944,1
24.963,1
24.982,1
25.001,1
25.021,1
25.04,0
25.058,0
25.077,0
25.096,0
25.116,0
25.135,0
25.154,0
25.174,1
25.193,1
25.212,1
25.232,1
25.251,1
25.27,1
25.289,1
25.309,1
25.328,1
25.348,1
25.367,1
25.386,1
25.406,1
25.425,1
25.444,1
25.463,1
25.482,1
25.501,1
25.521,1
25.54,1
25.559,1
25.578,1
25.597,1
25.616,1
25.636,1
25.655,1
25.674,1
25.693,1
25.712,1
25.732,1
25.751,1
25.77,1
25.789,1
25.808,1
25.827,1
25.847,1
25.866,1
25.885,1
25.904,1
25.923,1
25.943,1
25.962,1
25.981,1
25.999,1
26.018,1
26.037,1
26.057,1
26.076,1
26.095,1
26.115,1
26.134,1
26.153,0
26.173,0
26.192,0
26.211,0
26.23,0
26.25,0
26.269,0
26.289,0
26.308,0
26.327,1
26.347,1
26.366,1
26.385,1
26.404,1
26.423,1
26.442,1
26.462,1
26.481,1
26.5,1
26.519,1
26.538,1
26.557,1
26.577,1
26.596,1
26.615,1
26.634,1
26.653,1
26.672,1
26.692,1
26.711,1
26.73,1
26.749,1
26.768,1
26.788,1
26.807,1
26.826,1
26.846,1
26.865,1
26.885,1
26.904,1
26.923,1
26.943,1
26.962,1
26.981,1
27.001,1
27.02,1
27.039,1
27.057,1
27.076,1
27.095,1
27.115,1
27.134,1
27.153,1
27.173,1
27.192,1
27.212,1
27.231,1
27.25,1
27.27,0
27.289,0
27.308,0
27.328,0
27.347,0
27.366,0
27.386,0
27.405,1
27.424,1
27.444,1
27.463,1
27.483,1
27.502,1
27.521,1
27.541,1
27.56,1
27.579,1
27.598,1
27.617,1
27.636,1
27.656,1
27.675,1
27.694,1
27.713,1
27.732,1
27.752,1
27.771,1
27.79,1
27.809,1
27.828,1
27.848,1
27.867,1
27.886,1
27.905,1
27.924,1
27.943,1
27.963,1
27.982,1
28.001,1
28.02,1
28.039,1
28.059,1
28.078,1
28.097,1
28.116,1
28.135,1
28.155,1
28.174,1
28.193,1
28.212,1
28.231,1
28.25,1
28.27,1
28.289,1
28.308,1
28.327,1
28.346,1
28.365,1
28.385,0
28.404,0
28.424,0
28.443,0
28.462,0
28.482,0
28.501,0
28.52,0
28.539,0
28.558,1
28.577,1
28.597,1
28.616,1
28.635,1
28.654,1
28.673,1
28.693,1
28.712,1
28.731,1
28.75,1
28.769,1
28.789,1
28.808,1
28.827,1
28.846,1
28.865,1
28.884,1
28.904,1
28.923,1
28.942,1
28.961,1
28.98,1
28.999,1
29.019,1
29.038,1
29.057,1
29.076,1
29.095,1
29.115,1
29.134,1
29.153,1
29.173,1
29.192,1
29.211,1
29.231,1
29.25,1
29.269,1
29.288,1
29.307,1
29.327,1
29.346,1
29.365,1
29.385,1
29.404,1
29.423,1
29.443,1
29.462,1
29.481,0
29.501,0
29.52,0
29.539,0
29.559,0
29.578,0
29.597,0
29.616,0
29.635,1
29.654,1
29.674,1
29.693,1
29.712,1
29.731,1
29.75,1
29.769,1
29.789,1
29.808,1
29.827,1
29.846,1
29.865,1
29.885,1
29.904,1
29.923,1
29.943,1
29.962,1
29.981,1
30.001,1
30.02,1
30.039,1
30.058,1
30.077,1
30.096,1
30.116,1
30.135,1
30.154,1
30.173,1
30.192,1
30.211,1
30.231,1
30.25,1
30.269,1
30.289,1
30.308,1
30.327,1
30.346,1
30.365,1
30.385,1
30.404,1
30.423,1
30.442,1
30.462,1
30.481,1
30.5,1
30.52,1
30.539,1
30.558,1
30.578,1
30.597,1
30.616,0
30.635,0
30.654,0
30.674,0
30.693,0
30.712,0
30.732,0
30.751,0
30.77,0
30.79,1
30.809,1
30.828,1
30.847,1
30.866,1
30.886,1
30.905,1
30.924,1
30.944,1
30.963,1
30.982,1
31.002,1
31.021,1
31.04,1
31.059,1
31.078,1
31.098,1
31.117,1
31.136,1
31.155,1
31.175,1
31.194,1
31.213,1
31.232,1
31.251,1
31.271,1
31.29,1
31.309,1
31.328,1
31.347,1
31.366,1
31.386,1
31.405,1
31.424,1
31.444,1
31.463,1
31.482,1
31.502,1
31.521,1
31.54,1
31.559,1
31.578,1
31.597,1
31.617,1
31.636,1
31.655,1
31.674,1
31.693,1
31.713,0
31.732,0
31.751,0
31.77,0
31.789,0
31.808,0
31.828,0
31.847,0
31.866,1
31.885,1
31.904,1
31.924,1
31.943,1
31.962,1
31.981,1
32,1
32.019,1
32.039,1
32.058,1
32.077,1
32.096,1
32.115,1
32.134,1
32.154,1
32.173,1
32.192,1
32.211,1
32.23,1
32.249,1
32.269,1
32.288,1
32.308,1
32.327,1
32.346,1
32.366,1
32.385,1
32.404,1
32.423,1
32.442,1
32.461,1
32.481,1
32.5,1
32.519,1
32.538,1
32.557,1
32.576,1
32.596,1
32.615,1
32.634,1
32.653,1
32.672,1
32.692,1
32.711,1
32.73,1
32.748,1
32.767,1
32.786,1
32.806,1
32.825,0
32.844,0
32.863,0
32.882,0
32.902,0
32.921,0
32.94,0
32.959,0
32.978,0
32.997,0
33.017,1
33.036,1
33.055,1
33.074,1
33.093,1
33.112,1
33.132,1
33.151,1
33.17,1
33.189,1
33.208,1
33.227,1
33.247,1
33.266,1
33.285,1
33.304,1
33.323,1
33.343,1
33.362,1
33.381,1
33.401,1
33.42,1
33.439,1
33.459,1
33.478,1
33.498,1
33.517,1
33.536,1
33.556,1
33.575,1
33.594,1
33.614,1
33.633,1
33.652,1
33.672,1
33.691,1
33.71,1
33.73,1
33.749,1
33.768,1
33.788,1
33.807,1
33.826,1
33.846,1
33.865,1
33.884,1
33.904,1
33.923,1
33.942,0
33.961,0
33.98,0
34,0
34.019,0
34.038,0
34.058,0
34.077,0
34.096,1
34.116,1
34.135,1
34.154,1
34.173,1
34.192,1
34.212,1
34.231,1
34.25,1
34.269,1
34.288,1
34.307,1
34.327,1
34.346,1
34.365,1
34.384,1
34.403,1
34.422,1
34.442,1
34.461,1
34.48,1
34.499,1
34.518,1
34.537,1
34.557,1
34.576,1
34.595,1
34.614,1
34.633,1
34.653,1
34.672,1
34.69,1
34.709,1
34.729,1
34.748,1
34.767,1
34.786,1
34.805,1
34.824,1
34.844,1
34.863,1
34.882,1
34.901,1
34.92,1
34.939,1
34.959,1
34.978,1
34.997,1
35.016,1
35.035,1
35.054,1
35.074,0
35.093,0
35.112,0
35.131,0
35.15,0
35.17,0
35.189,0
35.208,0
35.226,0
35.245,1
35.264,1
35.284,1
35.303,1
35.322,1
35.341,1
35.36,1
35.38,1
35.399,1
35.418,1
35.437,1
35.456,1
35.476,1
35.495,1
35.514,1
35.533,1
35.552,1
35.571,1
35.591,1
35.61,1
35.629,1
35.648,1
35.667,1
35.686,1
35.706,1
35.725,1
35.744,1
35.763,1
35.782,1
35.801,1
35.821,1
35.84,1
35.859,1
35.878,1
35.897,1
35.917,1
35.936,1
35.955,1
35.974,1
35.993,1
36.013,1
36.032,1
36.051,1
36.069,1
36.088,1
36.107,1
36.127,1
36.146,1
36.165,0
36.184,0
36.204,0
36.223,0
36.242,0
36.261,0
36.28,0
36.299,0
36.319,1
36.338,1
36.357,1
36.376,1
36.396,1
36.415,1
36.434,1
36.453,1
36.473,1
36.492,1
36.511,1
36.53,1
36.549,1
36.569,1
36.588,1
36.607,1
36.626,1
36.645,1
36.664,1
36.683,1
36.703,1
36.722,1
36.741,1
36.76,1
36.779,1
36.798,1
36.818,1
36.837,1
36.856,1
36.875,1
36.894,1
36.913,1
36.933,1
36.952,1
36.971,1
36.99,1
37.009,1
37.029,1
37.048,1
37.067,1
37.086,1
37.105,1
37.125,1
37.144,1
37.163,1
37.182,1
37.201,1
37.22,1
37.24,1
37.259,1
37.278,0
37.297,0
37.316,0
37.335,0
37.355,0
37.374,0
37.393,0
37.412,0
37.431,0
37.451,0
37.47,1
37.489,1
37.508,1
37.527,1
37.547,1
37.566,1
37.585,1
37.604,1
37.623,1
37.642,1
37.662,1
37.681,1
37.7,1
37.719,1
37.738,1
37.757,1
37.777,1
37.796,1
37.815,1
37.834,1
37.853,1
37.873,1
37.892,1
37.912,1
37.931,1
37.951,1
37.97,1
37.989,1
38.008,1
38.027,1
38.047,1
38.066,1
38.085,1
38.105,1
38.124,1
38.143,1
38.163,1
38.182,1
38.201,1
38.221,1
38.24,1
38.259,1
38.279,1
38.298,1
38.318,1
38.337,1
38.356,1
38.376,1
38.395,0
38.414,0
38.434,0
38.453,0
38.472,0
38.492,0
38.511,0
38.53,0
38.549,1
38.568,1
38.588,1
38.607,1
38.626,1
38.644,1
38.663,1
38.682,1
38.702,1
38.721,1
38.74,1
38.758,1
38.777,1
38.796,1
38.816,1
38.835,1
38.854,1
38.874,1
38.893,1
38.913,1
38.932,1
38.951,1
38.971,1
38.99,1
39.009,1
39.029,1
39.048,1
39.067,1
39.086,1
39.105,1
39.124,1
39.144,1
39.163,1
39.182,1
39.201,1
39.22,1
39.239,1
39.259,1
39.278,1
39.297,1
39.316,1
39.335,1
39.354,1
39.374,1
39.393,1
39.412,1
39.431,1
39.45,1
39.47,1
39.489,1
39.507,0
39.526,0
39.545,0
39.565,0
39.584,0
39.603,0
39.623,0
39.642,0
39.661,0
39.681,1
39.7,1
39.719,1
39.739,1
39.758,1
39.777,1
39.797,1
39.816,1
39.836,1
39.855,1
39.875,1
39.894,1
39.914,1
39.933,1
39.952,1
39.972,1
39.991,1
40.01,1
40.03,1
40.049,1
40.068,1
40.088,1
40.107,1
40.126,1
40.145,1
40.164,1
40.184,1
40.203,1
40.222,1
40.241,1
40.26,1
40.28,1
40.299,1
40.318,1
40.337,1
40.356,1
40.376,1
40.395,1
40.415,1
40.434,1
40.453,1
40.472,1
40.491,1
40.51,1
40.53,1
40.549,1
40.568,1
40.587,1
40.606,1
40.625,0
40.645,0
40.664,0
40.684,0
40.703,0
40.723,0
40.742,0
40.761,0
40.779,1
40.798,1
40.817,1
40.837,1
40.856,1
40.875,1
40.894,1
40.913,1
40.932,1
40.952,1
40.971,1
40.99,1
41.009,1
41.028,1
41.047,1
41.067,1
41.086,1
41.105,1
41.124,1
41.143,1
41.162,1
41.182,1
41.201,1
41.22,1
41.24,1
41.259,1
41.279,1
41.298,1
41.318,1
41.337,1
41.356,1
41.375,1
41.394,1
41.414,1
41.433,1
41.452,1
41.471,1
41.49,1
41.509,1
41.529,1
41.548,1
41.567,1
41.586,1
41.605,1
41.625,1
41.644,1
41.663,1
41.682,1
41.701,1
41.72,1
41.74,0
41.759,0
41.778,0
41.798,0
41.817,0
41.836,0
41.856,0
41.875,0
41.894,0
41.913,0
41.932,1
41.952,1
41.971,1
41.99,1
42.009,1
42.028,1
42.047,1
42.067,1
42.086,1
42.105,1
42.124,1
42.143,1
42.162,1
42.182,1
42.201,1
42.22,1
42.239,1
42.258,1
42.278,1
42.297,1
42.316,1
42.336,1
42.355,1
42.374,1
42.394,1
42.413,1
42.432,1
42.452,1
42.471,1
42.491,1
42.51,1
42.529,1
42.548,1
42.567,1
42.586,1
42.606,1
42.625,1
42.644,1
42.663,1
42.682,1
42.701,1
42.721,1
42.74,1
42.76,1
42.779,1
42.798,1
42.818,1
42.837,1
42.856,0
42.875,0
42.895,0
42.914,0
42.933,0
42.952,0
42.971,0
42.991,0
43.01,1
43.029,1
43.048,1
43.067,1
43.086,1
43.106,1
43.125,1
43.144,1
43.163,1
43.182,1
43.202,1
43.221,1
43.24,1
43.259,1
43.278,1
43.297,1
43.317,1
43.336,1
43.355,1
43.375,1
43.394,1
43.413,1
43.433,1
43.452,1
43.471,1
43.49,1
43.509,1
43.528,1
43.548,1
43.567,1
43.586,1
43.605,1
43.624,1
43.644,1
43.663,1
43.682,1
43.702,1
43.721,1
43.741,1
43.76,1
43.779,1
43.798,1
43.817,1
43.836,1
43.856,1
43.875,1
43.894,1
43.913,1
43.932,1
43.951,1
43.971,0
43.99,0
44.009,0
44.028,0
44.047,0
44.066,0
44.086,0
44.105,0
44.123,0
44.142,1
44.161,1
44.181,1
44.2,1
44.219,1
44.238,1
44.257,1
44.276,1
44.296,1
44.315,1
44.334,1
44.353,1
44.372,1
44.391,1
44.411,1
44.43,1
44.448,1
44.467,1
44.486,1
44.506,1
44.525,1
44.544,1
44.564,1
44.583,1
44.602,1
44.622,1
44.641,1
44.66,1
44.68,1
44.699,1
44.718,1
44.738,1
44.757,1
44.776,1
44.796,1
44.815,1
44.834,1
44.854,1
44.873,1
44.892,1
44.911,1
44.93,1
44.95,1
44.969,1
44.988,1
45.008,1
45.027,1
45.046,1
45.066,1
45.085,0
45.104,0
45.123,0
45.142,0
45.161,0
45.181,0
45.2,0
45.219,1
45.238,1
45.257,1
45.277,1
45.296,1
45.316,1
45.335,1
45.355,1
45.374,1
45.393,1
45.416,1
45.436,1
45.455,1
45.475,1
45.494,1
45.512,1
45.531,1
45.55,1
45.57,1
45.589,1
45.608,1
45.627,1
45.646,1
45.665,1
45.685,1
45.704,1
45.723,1
45.742,1
45.761,1
45.78,1
45.8,1
45.819,1
45.838,1
45.857,1
45.876,1
45.895,1
45.915,1
45.934,1
45.953,1
45.972,1
45.991,1
46.011,1
46.03,1
46.049,1
46.069,1
46.088,1
46.108,1
46.127,1
46.146,1
46.166,1
46.185,1
46.205,0
46.224,0
46.244,0
46.263,0
46.282,0
46.302,0
46.321,0
46.34,0
46.359,0
46.378,1
46.397,1
46.417,1
46.436,1
46.455,1
46.474,1
46.493,1
46.513,1
46.532,1
46.551,1
46.571,1
46.59,1
46.609,1
46.629,1
46.648,1
46.667,1
46.685,1
46.704,1
46.724,1
46.743,1
46.762,1
46.78,1
46.799,1
46.818,1
46.838,1
46.857,1
46.876,1
46.895,1
46.914,1
46.934,1
46.953,1
46.972,1
46.991,1
47.01,1
47.029,1
47.049,1
47.068,1
47.087,1
47.107,1
47.126,1
47.145,1
47.165,1
47.184,1
47.203,1
47.223,1
47.242,1
47.261,1
47.281,1
47.3,0
47.319,0
47.338,0
47.357,0
47.376,0
47.396,0
47.415,0
47.435,0
47.454,1
47.473,1
47.493,1
47.512,1
47.531,1
47.551,1
47.57,1
47.589,1
47.609,1
47.628,1
47.647,1
47.667,1
47.686,1
47.705,1
47.725,1
47.744,1
47.763,1
47.783,1
47.802,1
47.821,1
47.841,1
47.86,1
47.879,1
47.898,1
47.918,1
47.937,1
47.956,1
47.975,1
47.994,1
48.013,1
48.033,1
48.052,1
48.071,1
48.09,1
48.109,1
48.128,1
48.148,1
48.167,1
48.186,1
48.205,1
48.224,1
48.243,1
48.263,1
48.282,1
48.301,1
48.32,1
48.339,1
48.358,1
48.378,1
48.397,1
48.415,1
48.434,0
48.453,0
48.473,0
48.492,0
48.511,0
48.53,0
48.549,0
48.569,0
48.588,1
48.607,1
48.625,1
48.644,1
48.663,1
48.683,1
48.702,1
48.721,1
48.739,1
48.758,1
48.777,1
48.797,1
48.816,1
48.835,1
48.855,1
48.874,1
48.893,1
48.913,1
48.932,1
48.951,1
48.971,1
48.99,1
49.009,1
49.029,1
49.048,1
49.067,1
49.087,1
49.106,1
49.126,1
49.145,1
49.164,1
49.182,1
49.201,1
49.22,1
49.24,1
49.259,1
49.278,1
49.298,1
49.317,1
49.336,1
49.356,1
49.375,1
49.394,1
49.413,1
49.432,1
49.452,1
49.471,1
49.49,1
49.51,1
49.529,0
49.548,0
49.568,0
49.587,0
49.606,0
49.626,0
49.645,0
49.664,0
49.684,1
49.703,1
49.723,1
49.742,1
49.761,1
49.781,1
49.8,1
49.819,1
49.838,1
49.857,1
49.877,1
49.896,1
49.915,1
49.934,1
49.953,1
49.972,1
49.992,1
50.011,1
50.03,1
50.049,1
50.068,1
50.087,1
50.107,1
50.126,1
50.145,1
50.164,1
50.183,1
50.202,1
50.222,1
50.241,1
50.26,1
50.28,1
50.3,1
50.319,1
50.338,1
50.357,1
50.376,1
50.396,1
50.415,1
50.434,1
50.453,1
50.472,1
50.491,1
50.511,1
50.53,1
50.549,1
50.568,1
50.587,1
50.606,1
50.626,1
50.645,0
50.664,0
50.683,0
50.702,0
50.722,0
50.741,0
50.76,0
50.779,0
50.798,0
50.817,0
50.837,1
50.856,1
50.875,1
50.894,1
50.913,1
50.933,1
50.952,1
50.971,1
50.99,1
51.009,1
51.029,1
51.048,1
51.067,1
51.086,1
51.105,1
51.124,1
51.144,1
51.163,1
51.182,1
51.201,1
51.221,1
51.24,1
51.26,1
51.279,1
51.298,1
51.318,1
51.337,1
51.356,1
51.375,1
51.394,1
51.413,1
51.433,1
51.452,1
51.471,1
51.49,1
51.509,1
51.529,1
51.548,1
51.567,1
51.586,1
51.605,1
51.624,1
51.644,1
51.663,1
51.681,1
51.7,1
51.719,1
51.739,1
51.758,0
51.777,0
51.797,0
51.816,0
51.835,0
51.855,0
51.874,0
51.893,0
51.913,1
51.932,1
51.951,1
51.971,1
51.99,1
52.009,1
52.029,1
52.048,1
52.067,1
52.087,1
52.106,1
52.126,1
52.145,1
52.164,1
52.184,1
52.203,1
52.222,1
52.242,1
52.261,1
52.28,1
52.3,1
52.319,1
52.338,1
52.357,1
52.376,1
52.396,1
52.415,1
52.434,1
52.453,1
52.472,1
52.492,1
52.511,1
52.53,1
52.549,1
52.568,1
52.588,1
52.607,1
52.626,1
52.645,1
52.664,1
52.683,1
52.703,1
52.722,1
52.741,1
52.76,1
52.779,1
52.799,1
52.818,1
52.837,1
52.856,1
52.875,1
52.895,0
52.914,0
52.933,0
52.952,0
52.971,0
52.991,0
53.01,0
53.029,0
53.048,0
53.067,1
53.086,1
53.106,1
53.125,1
53.144,1
53.163,1
53.182,1
53.201,1
53.221,1
53.24,1
53.259,1
53.278,1
53.297,1
53.317,1
53.336,1
53.355,1
53.374,1
53.393,1
53.413,1
53.432,1
53.451,1
53.47,1
53.489,1
53.509,1
53.528,1
53.547,1
53.566,1
53.585,1
53.604,1
53.624,1
53.643,1
53.662,1
53.682,1
53.701,1
53.72,1
53.74,1
53.759,1
53.778,1
53.797,1
53.816,1
53.835,1
53.855,1
53.874,1
53.893,1
53.912,1
53.931,1
53.951,1
53.97,1
53.989,0
54.008,0
54.027,0
54.047,0
54.066,0
54.085,0
54.103,0
54.122,0
54.141,1
54.161,1
54.18,1
54.199,1
54.219,1
54.238,1
54.257,1
54.277,1
54.296,1
54.315,1
54.333,1
54.352,1
54.371,1
54.391,1
54.41,1
54.429,1
54.449,1
54.468,1
54.487,1
54.507,1
54.526,1
54.544,1
54.563,1
54.582,1
54.602,1
54.621,1
54.64,1
54.658,1
54.677,1
54.696,1
54.716,1
54.735,1
54.754,1
54.773,1
54.792,1
54.811,1
54.831,1
54.85,1
54.869,1
54.889,1
54.908,1
54.927,1
54.947,1
54.966,1
54.985,1
55.005,1
55.024,1
55.043,1
55.063,1
55.082,1
55.101,0
55.12,0
55.139,0
55.159,0
55.178,0
55.197,0
55.217,0
55.236,0
55.255,0
55.275,1
55.294,1
55.313,1
55.332,1
55.352,1
55.371,1
55.39,1
55.41,1
55.429,1
55.448,1
55.468,1
55.487,1
55.506,1
55.525,1
55.544,1
55.563,1
55.583,1
55.602,1
55.622,1
55.641,1
55.66,1
55.68,1
55.699,1
55.719,1
55.738,1
55.757,1
55.777,1
55.796,1
55.815,1
55.834,1
55.853,1
55.873,1
55.892,1
55.911,1
55.931,1
55.95,1
55.97,1
55.989,1
56.008,1
56.026,1
56.045,1
56.064,1
56.084,1
56.103,1
56.122,1
56.141,1
56.16,1
56.179,1
56.199,1
56.218,0
56.238,0
56.258,0
56.277,0
56.296,0
56.315,0
56.334,0
56.354,0
56.373,1
56.392,1
56.412,1
56.431,1
56.451,1
56.47,1
56.489,1
56.507,1
56.526,1
56.545,1
56.565,1
56.584,1
56.603,1
56.621,1
56.64,1
56.659,1
56.679,1
56.698,1
56.717,1
56.737,1
56.756,1
56.775,1
56.795,1
56.814,1
56.833,1
56.853,1
56.872,1
56.891,1
56.911,1
56.93,1
56.95,1
56.969,1
56.988,1
57.008,1
57.027,1
57.046,1
57.065,1
57.084,1
57.103,1
57.123,1
57.142,1
57.162,1
57.181,1
57.2,1
57.22,1
57.239,1
57.258,1
57.277,1
57.296,1
57.315,1
57.335,0
57.354,0
57.373,0
57.393,0
57.412,0
57.432,0
57.451,0
57.47,0
57.49,0
57.509,1
57.528,1
57.548,1
57.567,1
57.585,1
57.604,1
57.623,1
57.643,1
57.662,1
57.681,1
57.701,1
57.72,1
57.739,1
57.759,1
57.778,1
57.797,1
57.817,1
57.836,1
57.855,1
57.875,1
57.894,1
57.913,1
57.932,1
57.952,1
57.971,1
57.99,1
58.009,1
58.028,1
58.047,1
58.067,1
58.086,1
58.105,1
58.124,1
58.144,1
58.163,1
58.182,1
58.2,1
58.219,1
58.238,1
58.258,1
58.277,1
58.296,1
58.316,1
58.335,1
58.354,1
58.374,1
58.393,1
58.412,1
58.432,1
58.451,0
58.47,0
58.49,0
58.509,0
58.529,0
58.548,0
58.567,0
58.587,1
58.606,1
58.625,1
58.645,1
58.664,1
58.683,1
58.703,1
58.722,1
58.741,1
58.76,1
58.779,1
58.799,1
58.818,1
58.837,1
58.856,1
58.875,1
58.895,1
58.914,1
58.933,1
58.953,1
58.972,1
58.991,1
59.011,1
59.03,1
59.049,1
59.069,1
59.088,1
59.107,1
59.127,1
59.146,1
59.165,1
59.184,1
59.203,1
59.222,1
59.242,1
59.261,1
59.28,1
59.299,1
59.318,1
59.338,1
59.357,1
59.376,1
59.396,1
59.415,1
59.434,1
59.454,1
59.473,1
59.492,1
59.511,1
59.53,1
59.549,0
59.569,0
59.588,0
59.607,0
59.626,0
59.645,0
59.664,0
59.684,0
59.703,0
59.722,0
59.741,1
59.76,1
59.779,1
59.799,1
59.818,1
59.837,1
59.856,1
59.875,1
59.894,1
59.914,1
59.933,1
59.952,1
59.971,1
59.99,1
