0.035,0
0.062,0
0.083,0
0.102,0
0.122,0
0.141,0
0.16,0
0.179,1
0.198,1
0.217,1
0.237,1
0.256,1
0.275,1
0.294,1
0.313,1
0.332,1
0.352,1
0.371,1
0.391,1
0.41,1
0.429,1
0.449,1
0.468,1
0.487,1
0.506,1
0.526,1
0.545,1
0.564,1
0.583,1
0.602,1
0.622,1
0.641,1
0.66,1
0.679,1
0.699,1
0.718,1
0.738,1
0.757,1
0.776,1
0.796,1
0.815,1
0.835,1
0.854,1
0.874,1
0.893,1
0.913,1
0.932,1
0.952,1
0.971,1
0.991,1
1.01,1
1.029,1
1.048,1
1.068,1
1.087,1
1.106,1
1.125,1
1.144,1
1.164,1
1.183,1
1.203,1
1.222,1
1.242,1
1.262,1
1.281,1
1.301,1
1.321,1
1.34,1
1.359,1
1.378,1
1.398,1
1.417,1
1.437,1
1.456,1
1.476,1
1.495,1
1.514,1
1.533,1
1.552,1
1.572,1
1.592,1
1.611,1
1.631,0
1.65,0
1.67,0
1.689,0
1.709,0
1.728,0
1.747,0
1.766,0
1.785,0
1.805,0
1.824,0
1.844,1
1.863,1
1.883,1
1.902,1
1.921,1
1.94,1
1.959,1
1.979,1
1.998,1
2.017,1
2.036,1
2.055,1
2.075,1
2.095,1
2.115,1
2.134,1
2.154,1
2.173,1
2.193,1
2.212,1
2.231,1
2.25,1
2.27,1
2.289,1
2.309,1
2.328,1
2.347,1
2.367,1
2.386,1
2.406,1
2.425,1
2.445,1
2.464,1
2.49,1
2.513,1
2.534,1
2.555,1
2.574,1
2.601,1
2.633,1
2.652,1
2.672,1
2.691,1
2.71,1
2.729,1
2.748,1
2.768,1
2.787,1
2.805,1
2.824,1
2.843,1
2.863,1
2.882,1
2.901,1
2.92,1
2.939,1
2.959,1
2.978,1
2.997,1
3.016,1
3.035,1
3.054,1
3.074,1
3.093,1
3.112,1
3.131,1
3.15,1
3.17,1
3.189,1
3.208,1
3.228,1
3.248,1
3.267,1
3.287,1
3.306,1
3.325,0
3.345,0
3.364,0
3.383,0
3.402,0
3.422,0
3.441,0
3.46,0
3.479,0
3.498,0
3.518,1
3.537,1
3.556,1
3.575,1
3.594,1
3.614,1
3.633,1
3.652,1
3.672,1
3.691,1
3.71,1
3.73,1
3.749,1
3.768,1
3.787,1
3.806,1
3.826,1
3.845,1
3.864,1
3.883,1
3.902,1
3.921,1
3.941,1
3.96,1
3.978,1
3.997,1
4.017,1
4.036,1
4.055,1
4.075,1
4.094,1
4.113,1
4.133,1
4.152,1
4.171,1
4.19,1
4.209,1
4.229,1
4.248,1
4.267,1
4.287,1
4.306,1
4.326,1
4.345,1
4.364,1
4.384,1
4.403,1
4.422,1
4.442,1
4.461,1
4.48,1
4.499,1
4.518,1
4.537,1
4.557,1
4.576,1
4.594,1
4.613,1
4.633,1
4.652,1
4.671,1
4.69,1
4.709,1
4.729,1
4.748,1
4.767,1
4.786,1
4.805,1
4.824,1
4.844,1
4.863,1
4.882,1
4.901,1
4.92,1
4.94,1
4.959,1
4.978,0
4.998,0
5.017,0
5.036,0
5.056,0
5.075,0
5.094,0
5.113,0
5.133,0
5.152,0
5.171,1
5.191,1
5.21,1
5.23,1
5.249,1
5.269,1
5.288,1
5.307,1
5.326,1
5.345,1
5.365,1
5.384,1
5.403,1
5.423,1
5.442,1
5.461,1
5.481,1
5.5,1
5.519,1
5.538,1
5.557,1
5.577,1
5.596,1
5.615,1
5.635,1
5.654,1
5.673,1
5.693,1
5.712,1
5.731,1
5.75,1
5.769,1
5.789,1
5.808,1
5.827,1
5.846,1
5.865,1
5.885,1
5.904,1
5.923,1
5.942,1
5.961,1
5.98,1
6,1
6.019,1
6.039,1
6.058,1
6.077,1
6.097,1
6.116,1
6.135,1
6.154,1
6.173,1
6.192,1
6.212,1
6.231,1
6.25,1
6.269,1
6.288,1
6.307,1
6.327,1
6.347,1
6.366,1
6.386,1
6.405,1
6.423,1
6.442,1
6.461,1
6.481,1
6.5,1
6.519,1
6.538,1
6.557,1
6.577,1
6.596,1
6.615,1
6.635,1
6.654,0
6.673,0
6.693,0
6.712,0
6.731,0
6.75,0
6.769,0
6.789,0
6.808,0
6.827,0
6.847,0
6.866,1
6.885,1
6.905,1
6.924,1
6.943,1
6.962,1
6.981,1
7.001,1
7.02,1
7.04,1
7.059,1
7.079,1
7.098,1
7.118,1
7.137,1
7.157,1
7.176,1
7.195,1
7.214,1
7.233,1
7.253,1
7.272,1
7.291,1
7.329,1
7.348,1
7.368,1
7.387,1
7.406,1
7.425,1
7.444,1
7.464,1
7.483,1
7.502,1
7.521,1
7.54,1
7.559,1
7.579,1
7.598,1
7.618,1
7.637,1
7.657,1
7.676,1
7.695,1
7.715,1
7.734,1
7.753,1
7.773,1
7.792,1
7.811,1
7.83,1
7.849,1
7.868,1
7.888,1
7.907,1
7.926,1
7.945,1
7.964,1
7.983,1
8.003,1
8.022,1
8.042,1
8.061,1
8.08,1
8.1,1
8.119,1
8.138,1
8.157,1
8.176,1
8.196,1
8.215,1
8.234,1
8.253,1
8.273,1
8.292,1
8.311,0
8.33,0
8.349,0
8.369,0
8.388,0
8.407,0
8.426,0
8.445,0
8.464,0
8.484,0
8.503,0
8.522,1
8.542,1
8.561,1
8.58,1
8.6,1
8.619,1
8.638,1
8.657,1
8.676,1
8.695,1
8.715,1
8.734,1
8.753,1
8.772,1
8.791,1
8.811,1
8.83,1
8.849,1
8.868,1
8.887,1
8.906,1
8.926,1
8.945,1
8.965,1
8.984,1
9.003,1
9.023,1
9.042,1
9.061,1
9.08,1
9.099,1
9.118,1
9.138,1
9.157,1
9.176,1
9.195,1
9.214,1
9.233,1
9.253,1
9.272,1
9.29,1
9.31,1
9.329,1
9.353,1
9.373,1
9.393,1
9.412,1
9.432,1
9.451,1
9.47,1
9.49,1
9.509,1
9.528,1
9.547,1
9.566,1
9.585,1
9.605,1
9.624,1
9.643,1
9.662,1
9.681,1
9.7,1
9.72,1
9.739,1
9.758,1
9.777,1
9.796,1
9.815,1
9.835,1
9.854,1
9.873,1
9.892,1
9.911,1
9.931,1
9.95,1
9.969,1
9.989,1
10.008,0
10.028,0
10.047,0
10.066,0
10.086,0
10.105,0
10.124,0
10.144,0
10.163,0
10.182,0
10.201,1
10.22,1
10.239,1
10.259,1
10.278,1
10.297,1
10.316,1
10.335,1
10.355,1
10.374,1
10.393,1
10.411,1
10.43,1
10.449,1
10.469,1
10.488,1
10.507,1
10.525,1
10.544,1
10.563,1
10.583,1
10.602,1
10.621,1
10.64,1
10.659,1
10.679,1
10.698,1
10.717,1
10.737,1
10.756,1
10.775,1
10.795,1
10.814,1
10.833,1
10.852,1
10.871,1
10.89,1
10.91,1
10.929,1
10.948,1
10.967,1
10.986,1
11.005,1
11.025,1
11.044,1
11.063,1
11.082,1
11.101,1
11.12,1
11.14,1
11.159,1
11.178,1
11.197,1
11.216,1
11.236,1
11.255,1
11.274,1
11.293,1
11.312,1
11.332,1
11.351,1
11.37,1
11.389,1
11.409,1
11.428,1
11.448,1
11.467,1
11.486,1
11.506,1
11.525,1
11.544,1
11.564,1
11.583,1
11.602,1
11.622,1
11.641,0
11.66,0
11.678,0
11.697,0
11.716,0
11.736,0
11.755,0
11.774,0
11.794,0
11.813,0
11.833,0
11.852,0
11.871,1
11.89,1
11.909,1
11.929,1
11.948,1
11.967,1
11.986,1
12.005,1
12.024,1
12.044,1
12.063,1
12.082,1
12.101,1
12.121,1
12.14,1
12.159,1
12.179,1
12.198,1
12.217,1
12.237,1
12.256,1
12.275,1
12.294,1
12.313,1
12.333,1
12.352,1
12.371,1
12.391,1
12.41,1
12.43,1
12.449,1
12.468,1
12.487,1
12.506,1
12.525,1
12.545,1
12.564,1
12.583,1
12.602,1
12.621,1
12.64,1
12.66,1
12.679,1
12.698,1
12.717,1
12.736,1
12.756,1
12.775,1
12.794,1
12.814,1
12.833,1
12.852,1
12.872,1
12.891,1
12.91,1
12.93,1
12.949,1
12.969,1
12.988,1
13.007,1
13.027,1
13.046,1
13.066,1
13.085,1
13.104,1
13.123,1
13.142,1
13.161,1
13.181,1
13.2,1
13.219,1
13.239,1
13.258,1
13.278,1
13.298,1
13.317,1
13.336,0
13.356,0
13.375,0
13.394,0
13.413,0
13.432,0
13.451,0
13.471,0
13.49,0
13.509,0
13.528,0
13.547,1
13.567,1
13.586,1
13.605,1
13.624,1
13.643,1
13.663,1
13.682,1
13.701,1
13.721,1
13.74,1
13.759,1
13.779,1
13.798,1
13.817,1
13.836,1
13.855,1
13.874,1
13.894,1
13.913,1
13.933,1
13.952,1
13.971,1
13.991,1
14.01,1
14.029,1
14.048,1
14.067,1
14.086,1
14.106,1
14.125,1
14.144,1
14.163,1
14.182,1
14.203,1
14.222,1
14.242,1
14.261,1
14.28,1
14.299,1
14.318,1
14.338,1
14.357,1
14.376,1
14.395,1
14.414,1
14.433,1
14.453,1
14.472,1
14.491,1
14.51,1
14.529,1
14.548,1
14.567,1
14.587,1
14.606,1
14.625,1
14.644,1
14.663,1
14.683,1
14.702,1
14.721,1
14.74,1
14.759,1
14.778,1
14.798,1
14.817,1
14.836,1
14.855,1
14.874,1
14.894,1
14.913,1
14.932,1
14.952,1
14.971,1
14.99,0
15.01,0
15.029,0
15.048,0
15.068,0
15.087,0
15.107,0
15.126,0
15.145,0
15.164,0
15.183,0
15.202,1
15.222,1
15.241,1
15.26,1
15.279,1
15.298,1
15.318,1
15.337,1
15.356,1
15.375,1
15.394,1
15.414,1
15.433,1
15.452,1
15.471,1
15.49,1
15.51,1
15.529,1
15.548,1
15.568,1
15.587,1
15.606,1
15.626,1
15.645,1
15.664,1
15.683,1
15.702,1
15.722,1
15.741,1
15.76,1
15.778,1
15.797,1
15.816,1
15.836,1
15.855,1
15.874,1
15.892,1
15.911,1
15.93,1
15.95,1
15.969,1
15.988,1
16.008,1
16.027,1
16.046,1
16.066,1
16.085,1
16.104,1
16.123,1
16.142,1
16.161,1
16.181,1
16.2,1
16.219,1
16.238,1
16.257,1
16.277,1
16.296,1
16.315,1
16.335,1
16.354,1
16.374,1
16.393,1
16.413,1
16.432,1
16.451,1
16.471,1
16.49,1
16.509,1
16.529,1
16.548,1
16.567,1
16.587,1
16.606,1
16.625,1
16.644,1
16.663,1
16.683,0
16.702,0
16.721,0
16.74,0
16.759,0
16.778,0
16.798,0
16.817,0
16.836,0
16.855,0
16.874,1
16.893,1
16.913,1
16.932,1
16.952,1
16.971,1
16.99,1
17.01,1
17.029,1
17.048,1
17.067,1
17.086,1
17.106,1
17.125,1
17.145,1
17.164,1
17.183,1
17.203,1
17.222,1
17.242,1
17.261,1
17.281,1
17.3,1
17.319,1
17.339,1
17.358,1
17.377,1
17.397,1
17.416,1
17.435,1
17.454,1
17.473,1
17.492,1
17.512,1
17.531,1
17.55,1
17.57,1
17.589,1
17.608,1
17.628,1
17.647,1
17.666,1
17.686,1
17.705,1
17.725,1
17.744,1
17.763,1
17.783,1
17.802,1
17.821,1
17.841,1
17.86,1
17.88,1
17.899,1
17.918,1
17.938,1
17.957,1
17.976,1
17.995,1
18.014,1
18.034,1
18.053,1
18.072,1
18.092,1
18.111,1
18.13,1
18.15,1
18.169,1
18.188,1
18.207,1
18.226,1
18.245,1
18.265,1
18.284,1
18.304,1
18.323,0
18.343,0
18.362,0
18.381,0
18.4,0
18.419,0
18.439,0
18.458,0
18.477,0
18.496,0
18.515,0
18.535,0
18.554,1
18.573,1
18.592,1
18.611,1
18.63,1
18.649,1
18.669,1
18.688,1
18.707,1
18.726,1
18.745,1
18.765,1
18.784,1
18.803,1
18.823,1
18.842,1
18.861,1
18.881,1
18.9,1
18.919,1
18.939,1
18.958,1
18.977,1
18.997,1
19.016,1
19.036,1
19.055,1
19.074,1
19.094,1
19.113,1
19.132,1
19.152,1
19.171,1
19.19,1
19.209,1
19.228,1
19.247,1
19.267,1
19.286,1
19.305,1
19.324,1
19.343,1
19.363,1
19.382,1
19.401,1
19.42,1
19.439,1
19.458,1
19.478,1
19.497,1
19.516,1
19.535,1
19.554,1
19.573,1
19.592,1
19.612,1
19.631,1
19.651,1
19.67,1
19.69,1
19.709,1
19.728,1
19.748,1
19.767,1
19.786,1
19.806,1
19.825,1
19.844,1
19.864,1
19.883,1
19.902,1
19.922,1
19.941,1
19.96,1
19.98,1
19.999,1
20.018,0
20.038,0
20.057,0
20.076,0
20.095,0
20.114,0
20.133,0
20.153,0
20.172,0
20.191,0
20.21,0
20.229,1
20.249,1
20.268,1
20.288,1
20.307,1
20.326,1
20.346,1
20.365,1
20.384,1
20.403,1
20.422,1
20.441,1
20.461,1
20.48,1
20.499,1
20.518,1
20.537,1
20.556,1
20.576,1
20.595,1
20.614,1
20.633,1
20.652,1
20.671,1
20.691,1
20.71,1
20.729,1
20.748,1
20.767,1
20.786,1
20.806,1
20.825,1
20.845,1
20.864,1
20.883,1
20.903,1
20.922,1
20.941,1
20.96,1
20.979,1
20.999,1
21.018,1
21.037,1
21.056,1
21.075,1
21.094,1
21.114,1
21.133,1
21.152,1
21.172,1
21.191,1
21.21,1
21.23,1
21.249,1
21.268,1
21.288,1
21.307,1
21.326,1
21.346,1
21.365,1
21.385,1
21.404,1
21.424,1
21.443,1
21.462,1
21.481,1
21.5,1
21.52,1
21.539,1
21.558,1
21.578,1
21.597,1
21.616,1
21.636,1
21.655,1
21.674,0
21.693,0
21.712,0
21.731,0
21.751,0
21.77,0
21.789,0
21.808,0
21.827,0
21.846,0
21.866,0
21.885,1
21.904,1
21.923,1
21.942,1
21.961,1
21.981,1
22,1
22.019,1
22.038,1
22.057,1
22.077,1
22.096,1
22.115,1
22.135,1
22.154,1
22.173,1
22.192,1
22.211,1
22.231,1
22.25,1
22.269,1
22.288,1
22.307,1
22.326,1
22.346,1
22.365,1
22.384,1
22.403,1
22.422,1
22.441,1
22.461,1
22.48,1
22.499,1
22.519,1
22.538,1
22.557,1
22.577,1
22.596,1
22.615,1
22.635,1
22.654,1
22.674,1
22.693,1
22.712,1
22.731,1
22.75,1
22.769,1
22.789,1
22.808,1
22.827,1
22.846,1
22.865,1
22.884,1
22.904,1
22.923,1
22.942,1
22.961,1
22.98,1
23,1
23.019,1
23.038,1
23.057,1
23.076,1
23.095,1
23.115,1
23.134,1
23.153,1
23.172,1
23.191,1
23.21,1
23.23,1
23.249,1
23.268,1
23.287,1
23.307,1
23.326,1
23.345,1
23.364,0
23.384,0
23.403,0
23.422,0
23.442,0
23.461,0
23.48,0
23.5,0
23.519,0
23.538,0
23.557,0
23.576,1
23.595,1
23.615,1
23.634,1
23.653,1
23.672,1
23.691,1
23.71,1
23.73,1
23.749,1
23.768,1
23.787,1
23.806,1
23.825,1
23.845,1
23.864,1
23.883,1
23.902,1
23.921,1
23.941,1
23.96,1
23.98,1
23.999,1
24.018,1
24.038,1
24.057,1
24.076,1
24.095,1
24.114,1
24.133,1
24.153,1
24.172,1
24.191,1
24.21,1
24.229,1
24.249,1
24.268,1
24.287,1
24.307,1
24.326,1
24.345,1
24.365,1
24.384,1
24.403,1
24.423,1
24.442,1
24.462,1
24.481,1
24.5,1
24.52,1
24.539,1
24.558,1
24.578,1
24.597,1
24.616,1
24.636,1
24.655,1
24.675,1
24.694,1
24.713,1
24.732,1
24.751,1
24.77,1
24.79,1
24.809,1
24.828,1
24.848,1
24.867,1
24.886,1
24.906,1
24.925,1
24.944,1
24.963,1
24.982,1
25.001,1
25.021,0
25.04,0
25.06,0
25.079,0
25.098,0
25.118,0
25.137,0
25.157,0
25.176,0
25.195,0
25.215,0
25.234,1
25.253,1
25.272,1
25.291,1
25.311,1
25.33,1
25.349,1
25.368,1
25.387,1
25.406,1
25.426,1
25.445,1
25.464,1
25.483,1
25.502,1
25.521,1
25.541,1
25.56,1
25.579,1
25.598,1
25.617,1
25.637,1
25.656,1
25.675,1
25.694,1
25.713,1
25.733,1
25.752,1
25.771,1
25.79,1
25.809,1
25.828,1
25.848,1
25.867,1
25.886,1
25.906,1
25.925,1
25.945,1
25.964,1
25.983,1
26.002,1
26.021,1
26.04,1
26.059,1
26.079,1
26.098,1
26.117,1
26.136,1
26.155,1
26.174,1
26.194,1
26.213,1
26.232,1
26.251,1
26.27,1
26.29,1
26.309,1
26.328,1
26.347,1
26.366,1
26.386,1
26.406,1
26.425,1
26.445,1
26.464,1
26.483,1
26.501,1
26.52,1
26.539,1
26.559,1
26.578,1
26.597,1
26.616,1
26.635,1
26.654,1
26.674,1
26.693,1
26.712,0
26.731,0
26.75,0
26.769,0
26.789,0
26.808,0
26.827,0
26.846,0
26.866,0
26.885,0
26.904,0
26.923,1
26.942,1
26.961,1
26.981,1
27,1
27.019,1
27.037,1
27.056,1
27.075,1
27.095,1
27.114,1
27.133,1
27.152,1
27.171,1
27.191,1
27.21,1
27.23,1
27.249,1
27.268,1
27.288,1
27.307,1
27.326,1
27.345,1
27.364,1
27.383,1
27.403,1
27.422,1
27.441,1
27.46,1
27.48,1
27.499,1
27.518,1
27.537,1
27.556,1
27.575,1
27.595,1
27.614,1
27.633,1
27.652,1
27.671,1
27.69,1
27.71,1
27.729,1
27.748,1
27.767,1
27.786,1
27.805,1
27.825,1
27.844,1
27.863,1
27.882,1
27.901,1
27.92,1
27.94,1
27.959,1
27.978,1
27.997,1
28.016,1
28.035,1
28.055,1
28.074,1
28.094,1
28.113,1
28.132,1
28.152,1
28.171,1
28.19,1
28.209,1
28.228,1
28.247,1
28.267,1
28.286,1
28.305,1
28.324,1
28.344,1
28.363,0
28.382,0
28.401,0
28.42,0
28.439,0
28.459,0
28.478,0
28.497,0
28.516,0
28.535,0
28.554,0
28.574,1
28.593,1
28.612,1
28.631,1
28.65,1
28.67,1
28.689,1
28.709,1
28.728,1
28.747,1
28.767,1
28.786,1
28.805,1
28.824,1
28.843,1
28.862,1
28.882,1
28.901,1
28.92,1
28.939,1
28.958,1
28.977,1
28.997,1
29.016,1
29.035,1
29.054,1
29.073,1
29.092,1
29.112,1
29.131,1
29.15,1
29.169,1
29.188,1
29.207,1
29.227,1
29.246,1
29.266,1
29.285,1
29.305,1
29.324,1
29.343,1
29.362,1
29.381,1
29.4,1
29.42,1
29.439,1
29.458,1
29.478,1
29.497,1
29.516,1
29.536,1
29.555,1
29.574,1
29.594,1
29.613,1
29.632,1
29.652,1
29.671,1
29.69,1
29.709,1
29.728,1
29.747,1
29.767,1
29.786,1
29.805,1
29.824,1
29.845,1
29.865,1
29.884,1
29.903,1
29.923,1
29.942,1
29.961,1
29.98,1
29.999,1
30.018,1
30.038,0
30.057,0
30.076,0
30.095,0
30.114,0
30.133,0
30.153,0
30.172,0
30.191,0
30.21,0
30.229,0
30.248,1
30.268,1
30.287,1
30.306,1
30.325,1
30.344,1
30.363,1
30.383,1
30.402,1
30.421,1
30.44,1
30.459,1
30.479,1
30.498,1
30.517,1
30.537,1
30.556,1
30.575,1
30.595,1
30.614,1
30.633,1
30.652,1
30.671,1
30.69,1
30.71,1
30.729,1
30.748,1
30.767,1
30.786,1
30.806,1
30.825,1
30.844,1
30.864,1
30.883,1
30.902,1
30.922,1
30.941,1
30.96,1
30.98,1
30.999,1
31.018,1
31.038,1
31.057,1
31.077,1
31.096,1
31.115,1
31.135,1
31.154,1
31.173,1
31.192,1
31.211,1
31.23,1
31.25,1
31.269,1
31.288,1
31.307,1
31.326,1
31.345,1
31.365,1
31.384,1
31.404,1
31.423,1
31.443,1
31.462,1
31.481,1
31.501,1
31.52,1
31.539,1
31.559,1
31.578,1
31.597,1
31.616,1
31.635,1
31.655,1
31.674,1
31.693,1
31.712,0
31.731,0
31.751,0
31.77,0
31.789,0
31.809,0
31.828,0
31.847,0
31.867,0
31.886,0
31.905,1
31.924,1
31.943,1
31.963,1
31.982,1
32.001,1
32.021,1
32.04,1
32.059,1
32.079,1
32.098,1
32.117,1
32.135,1
32.154,1
32.174,1
32.193,1
32.212,1
32.231,1
32.251,1
32.271,1
32.29,1
32.309,1
32.328,1
32.347,1
32.367,1
32.386,1
32.405,1
32.424,1
32.443,1
32.462,1
32.482,1
32.501,1
32.52,1
32.539,1
32.558,1
32.577,1
32.597,1
32.616,1
32.636,1
32.655,1
32.675,1
32.694,1
32.713,1
32.733,1
32.752,1
32.771,1
32.791,1
32.81,1
32.829,1
32.849,1
32.868,1
32.888,1
32.907,1
32.926,1
32.945,1
32.964,1
32.984,1
33.003,1
33.022,1
33.04,1
33.059,1
33.078,1
33.098,1
33.117,1
33.136,1
33.155,1
33.174,1
33.193,1
33.213,1
33.232,1
33.251,1
33.271,1
33.29,1
33.309,1
33.329,1
33.349,1
33.368,1
33.388,0
33.407,0
33.426,0
33.446,0
33.465,0
33.485,0
33.504,0
33.524,0
33.543,0
33.562,0
33.582,0
33.601,1
33.62,1
33.64,1
33.659,1
33.678,1
33.698,1
33.717,1
33.736,1
33.756,1
33.775,1
33.794,1
33.814,1
33.833,1
33.852,1
33.871,1
33.89,1
33.909,1
33.929,1
33.948,1
33.967,1
33.986,1
34.005,1
34.024,1
34.044,1
34.063,1
34.083,1
34.102,1
34.121,1
34.141,1
34.16,1
34.179,1
34.198,1
34.217,1
34.236,1
34.256,1
34.275,1
34.294,1
34.313,1
34.332,1
34.352,1
34.371,1
34.39,1
34.409,1
34.428,1
34.447,1
34.467,1
34.486,1
34.505,1
34.523,1
34.542,1
34.561,1
34.581,1
34.6,1
34.619,1
34.638,1
34.658,1
34.677,1
34.696,1
34.715,1
34.735,1
34.754,1
34.773,1
34.792,1
34.811,1
34.83,1
34.85,1
34.869,1
34.888,1
34.907,1
34.926,1
34.945,1
34.965,1
34.984,1
35.003,1
35.022,1
35.041,0
35.06,0
35.08,0
35.099,0
35.118,0
35.137,0
35.156,0
35.176,0
35.195,0
35.214,0
35.233,0
35.252,1
35.272,1
35.291,1
35.31,1
35.329,1
35.348,1
35.368,1
35.387,1
35.406,1
35.424,1
35.443,1
35.462,1
35.482,1
35.501,1
35.52,1
35.54,1
35.559,1
35.578,1
35.598,1
35.617,1
35.636,1
35.656,1
35.675,1
35.695,1
35.714,1
35.733,1
35.752,1
35.771,1
35.79,1
35.81,1
35.829,1
35.848,1
35.867,1
35.886,1
35.906,1
35.925,1
35.944,1
35.963,1
35.982,1
36.002,1
36.021,1
36.04,1
36.059,1
36.078,1
36.097,1
36.117,1
36.136,1
36.155,1
36.175,1
36.194,1
36.213,1
36.233,1
36.252,1
36.271,1
36.291,1
36.31,1
36.329,1
36.349,1
36.368,1
36.387,1
36.406,1
36.426,1
36.445,1
36.464,1
36.483,1
36.503,1
36.522,1
36.541,1
36.561,1
36.58,1
36.599,1
36.619,1
36.638,1
36.657,1
36.676,1
36.695,1
36.715,1
36.734,0
36.753,0
36.773,0
36.792,0
36.811,0
36.831,0
36.85,0
36.869,0
36.889,0
36.908,0
36.928,0
36.947,1
36.966,1
36.984,1
37.003,1
37.022,1
37.042,1
37.061,1
37.08,1
37.099,1
37.118,1
37.138,1
37.157,1
37.177,1
37.197,1
37.216,1
37.236,1
37.255,1
37.274,1
37.294,1
37.313,1
37.332,1
37.351,1
37.37,1
37.389,1
37.409,1
37.428,1
37.447,1
37.466,1
37.485,1
37.504,1
37.524,1
37.543,1
37.562,1
37.581,1
37.6,1
37.619,1
37.639,1
37.658,1
37.677,1
37.696,1
37.715,1
37.735,1
37.754,1
37.773,1
37.792,1
37.811,1
37.831,1
37.85,1
37.869,1
37.888,1
37.907,1
37.926,1
37.946,1
37.965,1
37.984,1
38.003,1
38.022,1
38.041,1
38.06,1
38.08,1
38.099,1
38.118,1
38.137,1
38.156,1
38.176,1
38.195,1
38.214,1
38.233,1
38.252,1
38.272,1
38.291,1
38.309,1
38.328,1
38.348,1
38.367,1
38.387,0
38.406,0
38.425,0
38.445,0
38.464,0
38.483,0
38.502,0
38.521,0
38.54,0
38.56,0
38.579,0
38.598,1
38.617,1
38.636,1
38.656,1
38.675,1
38.694,1
38.714,1
38.733,1
38.752,1
38.772,1
38.791,1
38.81,1
38.829,1
38.848,1
38.869,1
38.888,1
38.908,1
38.927,1
38.947,1
38.966,1
38.985,1
39.005,1
39.024,1
39.043,1
39.063,1
39.082,1
39.101,1
39.121,1
39.14,1
39.159,1
39.178,1
39.197,1
39.216,1
39.236,1
39.255,1
39.274,1
39.293,1
39.312,1
39.331,1
39.351,1
39.37,1
39.389,1
39.408,1
39.427,1
39.446,1
39.466,1
39.485,1
39.505,1
39.524,1
39.544,1
39.563,1
39.582,1
39.607,1
39.625,1
39.644,1
39.664,1
39.683,1
39.702,1
39.721,1
39.741,1
39.76,1
39.779,1
39.797,1
39.816,1
39.835,1
39.855,1
39.875,1
39.894,1
39.914,1
39.933,1
39.952,1
39.972,1
39.991,1
40.01,1
40.03,1
40.049,1
40.068,0
40.087,0
40.106,0
40.126,0
40.145,0
40.164,0
40.183,0
40.202,0
40.221,0
40.241,0
40.26,0
40.28,1
40.299,1
40.319,1
40.338,1
40.357,1
40.376,1
40.395,1
40.414,1
40.434,1
40.453,1
40.472,1
40.492,1
40.511,1
40.53,1
40.55,1
40.569,1
40.588,1
40.608,1
40.627,1
40.646,1
40.666,1
40.685,1
40.704,1
40.723,1
40.742,1
40.762,1
40.781,1
40.8,1
40.819,1
40.838,1
40.857,1
40.877,1
40.896,1
40.915,1
40.934,1
40.953,1
40.973,1
40.992,1
41.011,1
41.031,1
41.05,1
41.069,1
41.089,1
41.108,1
41.127,1
41.145,1
41.164,1
41.183,1
41.203,1
41.222,1
41.241,1
41.261,1
41.28,1
41.3,1
41.319,1
41.338,1
41.358,1
41.377,1
41.396,1
41.416,1
41.436,1
41.455,1
41.475,1
41.494,1
41.513,1
41.532,1
41.551,1
41.571,1
41.59,1
41.609,1
41.628,1
41.647,1
41.666,1
41.686,1
41.705,1
41.724,0
41.743,0
41.762,0
41.781,0
41.801,0
41.82,0
41.839,0
41.857,0
41.876,0
41.896,0
41.915,0
41.934,1
41.953,1
41.972,1
41.992,1
42.011,1
42.03,1
42.049,1
42.068,1
42.087,1
42.107,1
42.126,1
42.145,1
42.165,1
42.185,1
42.204,1
42.223,1
42.243,1
42.262,1
42.281,1
42.301,1
42.32,1
42.339,1
42.358,1
42.377,1
42.396,1
42.416,1
42.435,1
42.454,1
42.473,1
42.492,1
42.512,1
42.531,1
42.549,1
42.568,1
42.587,1
42.607,1
42.626,1
42.645,1
42.663,1
42.682,1
42.701,1
42.721,1
42.74,1
42.759,1
42.778,1
42.797,1
42.816,1
42.836,1
42.855,1
42.874,1
42.893,1
42.912,1
42.931,1
42.951,1
42.97,1
42.989,1
43.008,1
43.027,1
43.046,1
43.066,1
43.085,1
43.105,1
43.124,1
43.143,1
43.163,1
43.182,1
43.201,1
43.22,1
43.239,1
43.259,1
43.278,1
43.297,1
43.317,1
43.336,1
43.356,1
43.375,1
43.394,1
43.413,0
43.432,0
43.452,0
43.471,0
43.49,0
43.509,0
43.528,0
43.547,0
43.567,0
43.586,0
43.605,0
43.624,1
43.643,1
43.663,1
43.682,1
43.701,1
43.72,1
43.739,1
43.759,1
43.778,1
43.797,1
43.816,1
43.835,1
43.854,1
43.874,1
43.893,1
43.912,1
43.931,1
43.95,1
43.969,1
43.989,1
44.008,1
44.027,1
44.046,1
44.065,1
44.084,1
44.104,1
44.123,1
44.142,1
44.161,1
44.18,1
44.199,1
44.219,1
44.238,1
44.257,1
44.276,1
44.295,1
44.315,1
44.334,1
44.353,1
44.372,1
44.391,1
44.41,1
44.43,1
44.449,1
44.468,1
44.487,1
44.506,1
44.525,1
44.545,1
44.564,1
44.582,1
44.601,1
44.62,1
44.64,1
44.659,1
44.678,1
44.697,1
44.716,1
44.736,1
44.755,1
44.774,1
44.793,1
44.812,1
44.831,1
44.851,1
44.87,1
44.889,1
44.908,1
44.927,1
44.947,1
44.966,1
44.985,1
45.005,1
45.024,1
45.043,1
45.063,0
45.082,0
45.101,0
45.12,0
45.139,0
45.159,0
45.178,0
45.197,0
45.216,0
45.236,0
45.255,0
45.275,0
45.294,1
45.313,1
45.333,1
45.352,1
45.371,1
45.391,1
45.41,1
45.429,1
45.449,1
45.468,1
45.487,1
45.506,1
45.525,1
45.545,1
45.564,1
45.583,1
45.602,1
45.621,1
45.64,1
45.66,1
45.679,1
45.698,1
45.717,1
45.736,1
45.756,1
45.775,1
45.794,1
45.813,1
45.832,1
45.851,1
45.871,1
45.89,1
45.909,1
45.927,1
45.946,1
45.965,1
45.985,1
46.004,1
46.023,1
46.042,1
46.061,1
46.08,1
46.1,1
46.119,1
46.137,1
46.156,1
46.175,1
46.195,1
46.214,1
46.233,1
46.253,1
46.272,1
46.291,1
46.311,1
46.33,1
46.349,1
46.369,1
46.388,1
46.407,1
46.427,1
46.447,1
46.466,1
46.486,1
46.505,1
46.524,1
46.543,1
46.562,1
46.581,1
46.601,1
46.62,1
46.639,1
46.658,1
46.677,1
46.697,1
46.716,1
46.736,1
46.755,0
46.774,0
46.794,0
46.813,0
46.832,0
46.851,0
46.87,0
46.889,0
46.909,0
46.928,0
46.947,0
46.966,1
46.985,1
47.004,1
47.024,1
47.043,1
47.063,1
47.082,1
47.101,1
47.121,1
47.14,1
47.159,1
47.177,1
47.196,1
47.216,1
47.235,1
47.255,1
47.274,1
47.294,1
47.313,1
47.332,1
47.351,1
47.37,1
47.389,1
47.409,1
47.428,1
47.447,1
47.466,1
47.485,1
47.504,1
47.524,1
47.543,1
47.562,1
47.581,1
47.6,1
47.619,1
47.639,1
47.658,1
47.677,1
47.696,1
47.715,1
47.734,1
47.754,1
47.773,1
47.792,1
47.811,1
47.83,1
47.849,1
47.869,1
47.888,1
47.907,1
47.926,1
47.945,1
47.965,1
47.984,1
48.003,1
48.022,1
48.041,1
48.06,1
48.08,1
48.099,1
48.118,1
48.137,1
48.156,1
48.175,1
48.195,1
48.214,1
48.233,1
48.252,1
48.271,1
48.29,1
48.31,1
48.329,1
48.348,1
48.367,1
48.387,1
48.406,1
48.426,0
48.445,0
48.465,0
48.484,0
48.503,0
48.522,0
48.541,0
48.561,0
48.58,0
48.599,0
48.618,1
48.637,1
48.656,1
48.676,1
48.695,1
48.714,1
48.733,1
48.752,1
48.771,1
48.791,1
48.81,1
48.829,1
48.848,1
48.867,1
48.886,1
48.906,1
48.925,1
48.944,1
48.963,1
48.982,1
49.001,1
49.021,1
49.04,1
49.059,1
49.078,1
49.097,1
49.117,1
49.136,1
49.154,1
49.173,1
49.192,1
49.212,1
49.231,1
49.25,1
49.269,1
49.288,1
49.307,1
49.327,1
49.346,1
49.365,1
49.384,1
49.403,1
49.422,1
49.442,1
49.461,1
49.48,1
49.499,1
49.518,1
49.537,1
49.557,1
49.576,1
49.595,1
49.614,1
49.633,1
49.652,1
49.672,1
49.691,1
49.71,1
49.729,1
49.748,1
49.768,1
49.787,1
49.806,1
49.825,1
49.844,1
49.864,1
49.883,1
49.902,1
49.92,1
49.939,1
49.958,1
49.978,1
49.997,1
50.016,1
50.036,1
50.055,1
50.075,1
50.094,0
50.113,0
50.132,0
50.151,0
50.17,0
50.189,0
50.209,0
50.228,0
50.247,0
50.266,0
50.285,0
50.305,1
50.324,1
50.343,1
50.362,1
50.381,1
50.4,1
50.42,1
50.439,1
50.458,1
50.477,1
50.496,1
50.515,1
50.535,1
50.554,1
50.573,1
50.592,1
50.611,1
50.63,1
50.65,1
50.669,1
50.688,1
50.707,1
50.726,1
50.746,1
50.765,1
50.784,1
50.802,1
50.821,1
50.84,1
50.86,1
50.879,1
50.898,1
50.916,1
50.935,1
50.955,1
50.974,1
50.993,1
51.011,1
51.03,1
51.049,1
51.069,1
51.088,1
51.107,1
51.126,1
51.145,1
51.164,1
51.183,1
51.203,1
51.222,1
51.241,1
51.26,1
51.279,1
51.299,1
51.318,1
51.337,1
51.356,1
51.375,1
51.394,1
51.414,1
51.433,1
51.452,1
51.471,1
51.491,1
51.51,1
51.53,1
51.549,1
51.569,1
51.588,1
51.607,1
51.627,1
51.646,1
51.666,1
51.685,1
51.704,1
51.723,1
51.742,0
51.761,0
51.781,0
51.8,0
51.819,0
51.838,0
51.857,0
51.876,0
51.896,0
51.915,0
51.934,0
51.953,0
51.972,1
51.991,1
52.011,1
52.03,1
52.049,1
52.068,1
52.087,1
52.107,1
52.126,1
52.145,1
52.164,1
52.183,1
52.203,1
52.223,1
52.242,1
52.261,1
52.281,1
52.3,1
52.319,1
52.338,1
52.357,1
52.376,1
52.396,1
52.415,1
52.434,1
52.453,1
52.472,1
52.491,1
52.511,1
52.53,1
52.549,1
52.568,1
52.587,1
52.607,1
52.626,1
52.645,1
52.664,1
52.683,1
52.702,1
52.722,1
52.741,1
52.76,1
52.779,1
52.799,1
52.818,1
52.837,1
52.855,1
52.874,1
52.893,1
52.913,1
52.932,1
52.951,1
52.97,1
52.989,1
53.008,1
53.028,1
53.047,1
53.066,1
53.085,1
53.104,1
53.124,1
53.143,1
53.162,1
53.18,1
53.199,1
53.218,1
53.238,1
53.257,1
53.276,1
53.296,1
53.315,1
53.335,1
53.354,1
53.373,1
53.392,1
53.412,1
53.431,1
53.45,0
53.469,0
53.488,0
53.507,0
53.527,0
53.546,0
53.565,0
53.584,0
53.603,0
53.623,0
53.642,0
53.661,1
53.679,1
53.698,1
53.717,1
53.737,1
53.756,1
53.775,1
53.795,1
53.814,1
53.833,1
53.853,1
53.872,1
53.891,1
53.91,1
53.929,1
53.949,1
53.968,1
53.987,1
54.006,1
54.025,1
54.044,1
54.064,1
54.083,1
54.103,1
54.122,1
54.141,1
54.161,1
54.18,1
54.199,1
54.219,1
54.238,1
54.257,1
54.277,1
54.296,1
54.315,1
54.333,1
54.352,1
54.371,1
54.391,1
54.41,1
54.429,1
54.448,1
54.467,1
54.486,1
54.505,1
54.525,1
54.544,1
54.563,1
54.582,1
54.602,1
54.621,1
54.64,1
54.659,1
54.678,1
54.697,1
54.717,1
54.736,1
54.755,1
54.774,1
54.793,1
54.812,1
54.832,1
54.851,1
54.87,1
54.889,1
54.908,1
54.927,1
54.947,1
54.966,1
54.985,1
55.004,1
55.023,1
55.043,1
55.062,1
55.081,1
55.101,0
55.12,0
55.14,0
55.159,0
55.178,0
55.197,0
55.216,0
55.236,0
55.256,0
55.275,0
55.294,0
55.314,1
55.333,1
55.352,1
55.372,1
55.391,1
55.41,1
55.429,1
55.448,1
55.467,1
55.487,1
55.506,1
55.525,1
55.544,1
55.563,1
55.582,1
55.602,1
55.621,1
55.64,1
55.659,1
55.678,1
55.698,1
55.717,1
55.736,1
55.755,1
55.774,1
55.794,1
55.813,1
55.832,1
55.852,1
55.871,1
55.89,1
55.91,1
55.929,1
55.948,1
55.967,1
55.986,1
56.006,1
56.025,1
56.044,1
56.063,1
56.082,1
56.101,1
56.121,1
56.14,1
56.159,1
56.178,1
56.197,1
56.216,1
56.236,1
56.255,1
56.274,1
56.293,1
56.312,1
56.332,1
56.351,1
56.37,1
56.389,1
56.408,1
56.428,1
56.447,1
56.467,1
56.486,1
56.506,1
56.525,1
56.544,1
56.563,1
56.582,1
56.601,1
56.621,1
56.64,1
56.659,1
56.678,1
56.697,1
56.716,1
56.736,1
56.755,1
56.774,0
56.793,0
56.812,0
56.831,0
56.851,0
56.87,0
56.89,0
56.909,0
56.928,0
56.948,0
56.967,0
56.986,1
57.005,1
57.024,1
57.044,1
57.063,1
57.082,1
57.101,1
57.12,1
57.139,1
57.159,1
57.178,1
57.197,1
57.216,1
57.236,1
57.255,1
57.274,1
57.293,1
57.312,1
57.332,1
57.351,1
57.37,1
57.389,1
57.408,1
57.427,1
57.447,1
57.466,1
57.485,1
57.504,1
57.523,1
57.543,1
57.563,1
57.583,1
57.601,1
57.621,1
57.64,1
57.659,1
57.679,1
57.699,1
57.719,1
57.737,1
57.756,1
57.775,1
57.795,1
57.814,1
57.834,1
57.853,1
57.872,1
57.892,1
57.911,1
57.93,1
57.95,1
57.969,1
57.988,1
58.008,1
58.027,1
58.046,1
58.065,1
58.084,1
58.103,1
58.123,1
58.142,1
58.161,1
58.18,1
58.199,1
58.219,1
58.238,1
58.257,1
58.276,1
58.295,1
58.314,1
58.334,1
58.353,1
58.372,1
58.391,1
58.41,1
58.429,1
58.449,0
58.468,0
58.487,0
58.506,0
58.525,0
58.544,0
58.564,0
58.583,0
58.602,0
58.621,0
58.64,0
58.659,1
58.679,1
58.698,1
58.717,1
58.736,1
58.756,1
58.775,1
58.794,1
58.813,1
58.832,1
58.851,1
58.871,1
58.89,1
58.909,1
58.928,1
58.947,1
58.966,1
58.986,1
59.005,1
59.024,1
59.043,1
59.062,1
59.082,1
59.101,1
59.12,1
59.14,1
59.159,1
59.178,1
59.198,1
59.217,1
59.236,1
59.256,1
59.275,1
59.294,1
59.314,1
59.333,1
59.353,1
59.372,1
59.391,1
59.411,1
59.43,1
59.449,1
59.468,1
59.487,1
59.506,1
59.526,1
59.545,1
59.565,1
59.584,1
59.603,1
59.623,1
59.642,1
59.661,1
59.68,1
59.699,1
59.718,1
59.738,1
59.757,1
59.776,1
59.795,1
59.814,1
59.833,1
59.853,1
59.872,1
59.891,1
59.91,1
59.929,1
59.949,1
59.968,1
59.987,1
