0.037,1
0.064,1
0.084,1
0.104,1
0.123,1
0.143,1
0.162,1
0.181,1
0.2,1
0.219,1
0.238,1
0.258,1
0.277,1
0.296,1
0.315,1
0.334,1
0.353,1
0.373,1
0.392,1
0.411,1
0.431,1
0.45,1
0.47,1
0.489,1
0.508,1
0.527,1
0.547,1
0.566,1
0.585,1
0.603,1
0.623,1
0.642,0
0.661,0
0.681,0
0.7,0
0.72,0
0.739,0
0.758,0
0.777,0
0.797,0
0.816,0
0.835,0
0.854,0
0.873,1
0.893,1
0.913,1
0.933,1
0.952,1
0.971,1
0.99,1
1.01,1
1.029,1
1.048,1
1.067,1
1.087,1
1.106,1
1.125,1
1.144,1
1.163,1
1.183,1
1.202,1
1.221,1
1.239,1
1.259,1
1.279,1
1.298,1
1.317,1
1.336,1
1.356,1
1.375,1
1.394,1
1.413,1
1.433,1
1.452,1
1.471,1
1.489,1
1.508,1
1.528,1
1.547,1
1.566,1
1.586,1
1.605,1
1.624,1
1.644,1
1.663,1
1.683,1
1.702,1
1.721,1
1.74,1
1.76,1
1.779,1
1.798,1
1.817,1
1.836,1
1.856,1
1.875,1
1.894,1
1.913,1
1.932,1
1.952,1
1.971,1
1.99,1
2.01,1
2.029,1
2.049,1
2.068,1
2.087,1
2.106,1
2.126,1
2.145,1
2.163,1
2.183,1
2.202,1
2.222,1
2.24,1
2.26,1
2.279,1
2.298,1
2.317,0
2.337,0
2.356,0
2.375,0
2.395,0
2.415,0
2.434,0
2.452,0
2.472,0
2.491,0
2.511,0
2.532,0
2.552,1
2.584,1
2.617,1
2.637,1
2.656,1
2.675,1
2.694,1
2.714,1
2.733,1
2.752,1
2.772,1
2.792,1
2.811,1
2.83,1
2.849,1
2.868,1
2.887,1
2.907,1
2.926,1
2.945,1
2.964,1
2.984,1
3.003,1
3.022,1
3.041,1
3.06,1
3.079,1
3.099,1
3.118,1
3.137,1
3.156,1
3.175,1
3.195,1
3.214,1
3.233,1
3.252,1
3.271,1
3.291,1
3.31,1
3.329,1
3.347,1
3.366,1
3.386,1
3.405,1
3.424,1
3.443,1
3.462,1
3.482,1
3.501,1
3.52,1
3.539,1
3.558,1
3.578,1
3.597,1
3.616,1
3.635,1
3.655,1
3.674,1
3.693,1
3.712,1
3.732,1
3.751,1
3.771,1
3.79,1
3.809,1
3.828,1
3.847,1
3.867,1
3.886,1
3.905,1
3.924,1
3.943,1
3.963,1
3.982,0
4.001,0
4.02,0
4.039,0
4.059,0
4.078,0
4.097,0
4.116,0
4.135,0
4.155,0
4.174,0
4.193,0
4.212,0
4.231,1
4.251,1
4.27,1
4.289,1
4.308,1
4.327,1
4.347,1
4.366,1
4.385,1
4.404,1
4.424,1
4.444,1
4.463,1
4.482,1
4.501,1
4.52,1
4.54,1
4.559,1
4.578,1
4.598,1
4.618,1
4.637,1
4.656,1
4.675,1
4.694,1
4.714,1
4.733,1
4.752,1
4.772,1
4.791,1
4.811,1
4.83,1
4.849,1
4.869,1
4.888,1
4.908,1
4.927,1
4.946,1
4.965,1
4.984,1
5.004,1
5.023,1
5.042,1
5.061,1
5.08,1
5.099,1
5.119,1
5.138,1
5.157,1
5.176,1
5.196,1
5.215,1
5.234,1
5.254,1
5.273,1
5.293,1
5.312,1
5.331,1
5.351,1
5.37,1
5.39,1
5.409,1
5.428,1
5.446,1
5.465,1
5.485,1
5.504,1
5.523,1
5.542,1
5.561,1
5.581,1
5.6,1
5.619,1
5.638,1
5.657,0
5.677,0
5.696,0
5.715,0
5.734,0
5.753,0
5.773,0
5.792,0
5.811,0
5.829,0
5.848,0
5.868,0
5.887,1
5.906,1
5.925,1
5.944,1
5.964,1
5.983,1
6.002,1
6.021,1
6.04,1
6.06,1
6.079,1
6.098,1
6.117,1
6.136,1
6.155,1
6.175,1
6.194,1
6.213,1
6.233,1
6.252,1
6.272,1
6.291,1
6.31,1
6.33,1
6.349,1
6.369,1
6.388,1
6.407,1
6.426,1
6.446,1
6.465,1
6.484,1
6.503,1
6.522,1
6.542,1
6.561,1
6.58,1
6.599,1
6.618,1
6.638,1
6.657,1
6.676,1
6.695,1
6.714,1
6.734,1
6.753,1
6.772,1
6.791,1
6.811,1
6.83,1
6.85,1
6.869,1
6.888,1
6.907,1
6.926,1
6.946,1
6.965,1
6.984,1
7.003,1
7.022,1
7.042,1
7.061,1
7.08,1
7.1,1
7.119,1
7.139,1
7.158,1
7.177,1
7.197,1
7.216,1
7.236,1
7.255,1
7.274,1
7.338,0
7.357,0
7.377,0
7.396,0
7.415,0
7.435,0
7.454,0
7.474,0
7.493,0
7.512,0
7.532,0
7.551,0
7.571,1
7.59,1
7.609,1
7.628,1
7.648,1
7.667,1
7.686,1
7.705,1
7.725,1
7.745,1
7.764,1
7.783,1
7.803,1
7.822,1
7.842,1
7.861,1
7.88,1
7.899,1
7.918,1
7.938,1
7.957,1
7.976,1
7.995,1
8.014,1
8.034,1
8.053,1
8.072,1
8.091,1
8.11,1
8.13,1
8.149,1
8.168,1
8.187,1
8.206,1
8.226,1
8.245,1
8.264,1
8.282,1
8.301,1
8.321,1
8.34,1
8.359,1
8.378,1
8.397,1
8.416,1
8.436,1
8.455,1
8.474,1
8.494,1
8.513,1
8.533,1
8.552,1
8.571,1
8.591,1
8.61,1
8.63,1
8.649,1
8.668,1
8.687,1
8.706,1
8.726,1
8.745,1
8.764,1
8.784,1
8.803,1
8.823,1
8.842,1
8.861,1
8.88,1
8.899,1
8.919,1
8.938,1
8.957,1
8.976,1
8.995,0
9.015,0
9.034,0
9.053,0
9.072,0
9.091,0
9.11,0
9.13,0
9.149,0
9.168,0
9.188,0
9.207,0
9.227,1
9.246,1
9.265,1
9.284,1
9.303,1
9.323,1
9.342,1
9.361,1
9.38,1
9.399,1
9.419,1
9.438,1
9.457,1
9.477,1
9.496,1
9.516,1
9.535,1
9.554,1
9.573,1
9.592,1
9.612,1
9.631,1
9.65,1
9.669,1
9.688,1
9.708,1
9.727,1
9.746,1
9.765,1
9.785,1
9.805,1
9.824,1
9.843,1
9.862,1
9.882,1
9.901,1
9.921,1
9.94,1
9.959,1
9.978,1
9.997,1
10.017,1
10.036,1
10.055,1
10.075,1
10.094,1
10.114,1
10.133,1
10.152,1
10.172,1
10.191,1
10.211,1
10.23,1
10.249,1
10.267,1
10.286,1
10.306,1
10.325,1
10.344,1
10.363,1
10.382,1
10.402,1
10.421,1
10.44,1
10.459,1
10.478,1
10.498,1
10.517,1
10.536,1
10.555,1
10.575,1
10.595,1
10.614,1
10.633,1
10.652,1
10.671,0
10.691,0
10.71,0
10.729,0
10.749,0
10.768,0
10.788,0
10.807,0
10.826,0
10.845,0
10.864,0
10.884,0
10.903,1
10.922,1
10.941,1
10.96,1
10.98,1
10.999,1
11.018,1
11.038,1
11.057,1
11.077,1
11.096,1
11.115,1
11.133,1
11.153,1
11.172,1
11.191,1
11.211,1
11.23,1
11.25,1
11.269,1
11.288,1
11.308,1
11.327,1
11.347,1
11.366,1
11.385,1
11.404,1
11.423,1
11.443,1
11.462,1
11.481,1
11.5,1
11.52,1
11.539,1
11.559,1
11.578,1
11.597,1
11.616,1
11.636,1
11.655,1
11.674,1
11.693,1
11.712,1
11.731,1
11.751,1
11.77,1
11.789,1
11.808,1
11.828,1
11.847,1
11.866,1
11.885,1
11.904,1
11.924,1
11.943,1
11.962,1
11.981,1
12.001,1
12.02,1
12.04,1
12.059,1
12.078,1
12.098,1
12.117,1
12.137,1
12.156,1
12.175,1
12.195,1
12.215,1
12.234,1
12.253,1
12.272,1
12.291,1
12.31,1
12.33,1
12.349,0
12.368,0
12.387,0
12.406,0
12.426,0
12.445,0
12.464,0
12.484,0
12.504,0
12.523,0
12.542,0
12.561,1
12.58,1
12.6,1
12.619,1
12.638,1
12.657,1
12.676,1
12.695,1
12.715,1
12.734,1
12.753,1
12.773,1
12.792,1
12.812,1
12.831,1
12.85,1
12.869,1
12.888,1
12.908,1
12.927,1
12.946,1
12.965,1
12.984,1
13.004,1
13.023,1
13.042,1
13.061,1
13.081,1
13.1,1
13.119,1
13.138,1
13.157,1
13.176,1
13.196,1
13.215,1
13.234,1
13.254,1
13.273,1
13.293,1
13.312,1
13.331,1
13.35,1
13.369,1
13.389,1
13.408,1
13.427,1
13.446,1
13.466,1
13.486,1
13.505,1
13.524,1
13.543,1
13.563,1
13.583,1
13.602,1
13.621,1
13.64,1
13.659,1
13.679,1
13.698,1
13.717,1
13.736,1
13.755,1
13.775,1
13.794,1
13.813,1
13.832,1
13.852,1
13.871,1
13.891,1
13.91,1
13.929,1
13.948,1
13.967,1
13.987,1
14.006,0
14.025,0
14.044,0
14.063,0
14.082,0
14.102,0
14.121,0
14.14,0
14.159,0
14.178,0
14.198,0
14.217,0
14.236,0
14.255,1
14.275,1
14.294,1
14.313,1
14.332,1
14.352,1
14.371,1
14.391,1
14.41,1
14.429,1
14.447,1
14.466,1
14.486,1
14.505,1
14.524,1
14.543,1
14.562,1
14.582,1
14.601,1
14.62,1
14.639,1
14.658,1
14.678,1
14.697,1
14.716,1
14.735,1
14.754,1
14.774,1
14.793,1
14.812,1
14.832,1
14.851,1
14.871,1
14.89,1
14.909,1
14.929,1
14.948,1
14.968,1
14.987,1
15.006,1
15.024,1
15.043,1
15.063,1
15.082,1
15.101,1
15.12,1
15.139,1
15.158,1
15.178,1
15.197,1
15.216,1
15.236,1
15.255,1
15.275,1
15.294,1
15.313,1
15.332,1
15.351,1
15.371,1
15.39,1
15.409,1
15.427,1
15.446,1
15.466,1
15.485,1
15.504,1
15.522,1
15.541,1
15.561,1
15.58,1
15.599,1
15.618,1
15.637,1
15.657,1
15.676,0
15.695,0
15.714,0
15.733,0
15.752,0
15.772,0
15.791,0
15.81,0
15.83,0
15.849,0
15.869,0
15.888,0
15.915,1
15.937,1
15.957,1
15.977,1
15.996,1
16.015,1
16.035,1
16.054,1
16.074,1
16.093,1
16.112,1
16.131,1
16.15,1
16.169,1
16.189,1
16.208,1
16.227,1
16.246,1
16.265,1
16.285,1
16.304,1
16.323,1
16.342,1
16.362,1
16.381,1
16.401,1
16.42,1
16.439,1
16.458,1
16.477,1
16.497,1
16.516,1
16.535,1
16.555,1
16.575,1
16.594,1
16.613,1
16.632,1
16.651,1
16.67,1
16.69,1
16.709,1
16.728,1
16.747,1
16.766,1
16.786,1
16.805,1
16.824,1
16.843,1
16.863,1
16.882,1
16.902,1
16.921,1
16.94,1
16.959,1
16.979,1
16.998,1
17.018,1
17.037,1
17.056,1
17.075,1
17.094,1
17.113,1
17.133,1
17.152,1
17.171,1
17.19,1
17.209,1
17.229,1
17.248,1
17.267,1
17.286,1
17.305,1
17.324,1
17.344,0
17.363,0
17.382,0
17.401,0
17.42,0
17.439,0
17.459,0
17.478,0
17.497,0
17.517,0
17.536,0
17.556,0
17.575,0
17.594,1
17.613,1
17.633,1
17.652,1
17.672,1
17.691,1
17.71,1
17.729,1
17.748,1
17.767,1
17.787,1
17.806,1
17.825,1
17.845,1
17.864,1
17.884,1
17.903,1
17.922,1
17.942,1
17.961,1
17.981,1
18,1
18.019,1
18.038,1
18.058,1
18.077,1
18.097,1
18.116,1
18.135,1
18.154,1
18.174,1
18.193,1
18.213,1
18.232,1
18.251,1
18.27,1
18.29,1
18.309,1
18.329,1
18.348,1
18.367,1
18.386,1
18.405,1
18.425,1
18.444,1
18.463,1
18.482,1
18.501,1
18.52,1
18.54,1
18.559,1
18.578,1
18.597,1
18.616,1
18.636,1
18.655,1
18.674,1
18.693,1
18.712,1
18.731,1
18.751,1
18.77,1
18.789,1
18.808,1
18.827,1
18.846,1
18.866,1
18.885,1
18.904,1
18.923,1
18.942,1
18.961,1
18.981,1
19,1
19.019,0
19.039,0
19.058,0
19.078,0
19.097,0
19.116,0
19.135,0
19.155,0
19.174,0
19.194,0
19.213,0
19.232,0
19.251,1
19.27,1
19.289,1
19.309,1
19.328,1
19.347,1
19.367,1
19.386,1
19.406,1
19.425,1
19.444,1
19.463,1
19.483,1
19.502,1
19.522,1
19.541,1
19.56,1
19.579,1
19.599,1
19.618,1
19.638,1
19.657,1
19.676,1
19.695,1
19.714,1
19.734,1
19.753,1
19.772,1
19.791,1
19.811,1
19.83,1
19.85,1
19.869,1
19.888,1
19.908,1
19.927,1
19.946,1
19.965,1
19.985,1
20.004,1
20.024,1
20.043,1
20.062,1
20.081,1
20.1,1
20.12,1
20.139,1
20.158,1
20.177,1
20.197,1
20.217,1
20.236,1
20.255,1
20.274,1
20.294,1
20.313,1
20.333,1
20.352,1
20.371,1
20.39,1
20.41,1
20.429,1
20.449,1
20.468,1
20.487,1
20.506,1
20.525,1
20.544,1
20.564,1
20.583,1
20.602,1
20.621,1
20.64,1
20.66,1
20.679,1
20.698,0
20.717,0
20.737,0
20.756,0
20.776,0
20.795,0
20.814,0
20.833,0
20.852,0
20.871,0
20.891,0
20.91,0
20.929,1
20.948,1
20.967,1
20.987,1
21.006,1
21.025,1
21.045,1
21.064,1
21.084,1
21.103,1
21.122,1
21.141,1
21.16,1
21.18,1
21.199,1
21.218,1
21.237,1
21.256,1
21.276,1
21.295,1
21.314,1
21.333,1
21.352,1
21.371,1
21.391,1
21.41,1
21.429,1
21.448,1
21.467,1
21.487,1
21.506,1
21.525,1
21.544,1
21.563,1
21.583,1
21.602,1
21.621,1
21.64,1
21.658,1
21.677,1
21.697,1
21.716,1
21.735,1
21.754,1
21.774,1
21.793,1
21.813,1
21.832,1
21.851,1
21.87,1
21.889,1
21.908,1
21.928,1
21.947,1
21.966,1
21.985,1
22.004,1
22.024,1
22.043,1
22.062,1
22.081,1
22.1,1
22.119,1
22.139,1
22.158,1
22.177,1
22.197,1
22.216,1
22.236,1
22.255,1
22.274,1
22.293,1
22.313,1
22.332,1
22.352,1
22.371,0
22.39,0
22.409,0
22.429,0
22.448,0
22.468,0
22.487,0
22.506,0
22.525,0
22.544,0
22.563,0
22.583,0
22.602,1
22.621,1
22.64,1
22.66,1
22.679,1
22.698,1
22.717,1
22.736,1
22.755,1
22.775,1
22.794,1
22.813,1
22.832,1
22.851,1
22.87,1
22.89,1
22.909,1
22.928,1
22.947,1
22.967,1
22.986,1
23.006,1
23.025,1
23.044,1
23.063,1
23.083,1
23.102,1
23.122,1
23.141,1
23.16,1
23.179,1
23.198,1
23.218,1
23.237,1
23.256,1
23.275,1
23.295,1
23.314,1
23.334,1
23.353,1
23.372,1
23.391,1
23.41,1
23.429,1
23.449,1
23.468,1
23.487,1
23.506,1
23.525,1
23.544,1
23.564,1
23.583,1
23.602,1
23.62,1
23.639,1
23.659,1
23.678,1
23.697,1
23.716,1
23.734,1
23.753,1
23.773,1
23.792,1
23.811,1
23.83,1
23.849,1
23.869,1
23.888,1
23.907,1
23.926,1
23.946,1
23.965,1
23.985,1
24.004,1
24.023,0
24.042,0
24.062,0
24.081,0
24.101,0
24.12,0
24.139,0
24.158,0
24.177,0
24.196,0
24.216,0
24.235,0
24.254,0
24.273,1
24.292,1
24.311,1
24.331,1
24.35,1
24.369,1
24.388,1
24.407,1
24.427,1
24.446,1
24.465,1
24.484,1
24.503,1
24.522,1
24.542,1
24.561,1
24.58,1
24.599,1
24.618,1
24.637,1
24.657,1
24.676,1
24.695,1
24.714,1
24.734,1
24.753,1
24.772,1
24.791,1
24.81,1
24.829,1
24.849,1
24.868,1
24.887,1
24.906,1
24.925,1
24.944,1
24.964,1
24.983,1
25.002,1
25.021,1
25.04,1
25.059,1
25.079,1
25.098,1
25.117,1
25.136,1
25.155,1
25.175,1
25.194,1
25.213,1
25.232,1
25.25,1
25.269,1
25.289,1
25.308,1
25.327,1
25.346,1
25.366,1
25.385,1
25.405,1
25.424,1
25.443,1
25.462,1
25.482,1
25.501,1
25.521,1
25.54,1
25.559,1
25.578,1
25.597,1
25.617,1
25.636,1
25.655,1
25.675,1
25.694,1
25.714,0
25.733,0
25.752,0
25.771,0
25.79,0
25.81,0
25.829,0
25.848,0
25.867,0
25.886,0
25.905,0
25.925,0
25.944,1
25.963,1
25.982,1
26.001,1
26.02,1
26.04,1
26.059,1
26.078,1
26.097,1
26.116,1
26.135,1
26.155,1
26.174,1
26.193,1
26.212,1
26.231,1
26.251,1
26.27,1
26.289,1
26.308,1
26.327,1
26.346,1
26.366,1
26.385,1
26.404,1
26.424,1
26.443,1
26.463,1
26.482,1
26.501,1
26.519,1
26.538,1
26.558,1
26.577,1
26.596,1
26.615,1
26.634,1
26.653,1
26.673,1
26.692,1
26.711,1
26.73,1
26.749,1
26.768,1
26.788,1
26.807,1
26.826,1
26.845,1
26.865,1
26.884,1
26.903,1
26.922,1
26.941,1
26.96,1
26.98,1
26.999,1
27.018,1
27.037,1
27.056,1
27.075,1
27.095,1
27.114,1
27.133,1
27.152,1
27.171,1
27.19,1
27.21,1
27.229,1
27.248,1
27.267,1
27.286,1
27.305,1
27.325,1
27.344,1
27.363,1
27.382,0
27.401,0
27.421,0
27.44,0
27.459,0
27.478,0
27.497,0
27.517,0
27.536,0
27.555,0
27.574,0
27.594,0
27.613,1
27.633,1
27.652,1
27.671,1
27.69,1
27.709,1
27.728,1
27.748,1
27.767,1
27.786,1
27.805,1
27.824,1
27.844,1
27.863,1
27.882,1
27.901,1
27.92,1
27.939,1
27.959,1
27.978,1
27.997,1
28.016,1
28.035,1
28.054,1
28.074,1
28.093,1
28.112,1
28.131,1
28.15,1
28.17,1
28.189,1
28.208,1
28.227,1
28.247,1
28.266,1
28.286,1
28.305,1
28.324,1
28.343,1
28.363,1
28.382,1
28.402,1
28.421,1
28.44,1
28.459,1
28.479,1
28.498,1
28.518,1
28.537,1
28.556,1
28.575,1
28.594,1
28.614,1
28.633,1
28.652,1
28.671,1
28.69,1
28.71,1
28.729,1
28.748,1
28.767,1
28.786,1
28.805,1
28.825,1
28.844,1
28.863,1
28.882,1
28.901,1
28.92,1
28.94,1
28.959,1
28.978,1
28.997,1
29.016,1
29.035,1
29.055,0
29.074,0
29.093,0
29.112,0
29.131,0
29.15,0
29.17,0
29.189,0
29.208,0
29.228,0
29.247,0
29.267,0
29.286,1
29.305,1
29.324,1
29.343,1
29.362,1
29.382,1
29.401,1
29.42,1
29.439,1
29.458,1
29.477,1
29.497,1
29.516,1
29.535,1
29.554,1
29.573,1
29.593,1
29.612,1
29.631,1
29.65,1
29.668,1
29.687,1
29.707,1
29.726,1
29.745,1
29.764,1
29.784,1
29.803,1
29.823,1
29.842,1
29.861,1
29.88,1
29.899,1
29.919,1
29.938,1
29.957,1
29.976,1
29.996,1
