0.034,1
0.061,1
0.083,1
0.102,1
0.121,1
0.141,1
0.16,1
0.18,1
0.199,1
0.218,1
0.237,1
0.257,1
0.276,1
0.296,1
0.315,1
0.334,1
0.353,1
0.372,1
0.392,1
0.411,1
0.43,1
0.45,1
0.47,1
0.489,1
0.508,1
0.527,1
0.549,1
0.569,1
0.589,1
0.609,1
0.628,1
0.647,1
0.666,1
0.686,1
0.705,1
0.724,1
0.744,1
0.764,1
0.783,1
0.802,1
0.821,1
0.84,1
0.86,1
0.879,1
0.899,1
0.918,1
0.937,1
0.957,1
0.976,1
0.995,1
1.015,1
1.034,1
1.053,1
1.072,1
1.092,1
1.111,1
1.13,1
1.149,1
1.169,1
1.188,1
1.207,1
1.225,1
1.244,1
1.264,1
1.284,1
1.303,1
1.323,1
1.342,1
1.362,1
1.381,1
1.4,1
1.419,0
1.439,0
1.458,0
1.477,0
1.496,0
1.516,0
1.535,0
1.554,0
1.574,0
1.594,0
1.613,0
1.632,0
1.651,0
1.671,1
1.69,1
1.709,1
1.727,1
1.746,1
1.766,1
1.785,1
1.804,1
1.824,1
1.843,1
1.863,1
1.882,1
1.901,1
1.92,1
1.94,1
1.959,1
1.978,1
1.998,1
2.018,1
2.037,1
2.056,1
2.075,1
2.094,1
2.114,1
2.133,1
2.152,1
2.172,1
2.192,1
2.211,1
2.231,1
2.25,1
2.27,1
2.289,1
2.308,1
2.327,1
2.347,1
2.366,1
2.385,1
2.404,1
2.423,1
2.443,1
2.462,1
2.488,1
2.51,1
2.532,1
2.553,1
2.573,1
2.601,1
2.632,1
2.652,1
2.671,1
2.69,1
2.71,1
2.729,1
2.749,1
2.768,1
2.787,1
2.806,1
2.826,1
2.845,1
2.864,1
2.883,1
2.902,1
2.922,1
2.941,1
2.96,1
2.979,1
2.999,1
3.018,1
3.038,1
3.057,1
3.076,0
3.095,0
3.114,0
3.134,0
3.153,0
3.172,0
3.191,0
3.21,0
3.229,0
3.249,0
3.268,0
3.287,0
3.306,1
3.325,1
3.345,1
3.364,1
3.383,1
3.403,1
3.422,1
3.442,1
3.461,1
3.48,1
3.5,1
3.519,1
3.539,1
3.558,1
3.577,1
3.596,1
3.615,1
3.634,1
3.654,1
3.673,1
3.692,1
3.711,1
3.73,1
3.75,1
3.769,1
3.788,1
3.807,1
3.826,1
3.846,1
3.865,1
3.884,1
3.903,1
3.922,1
3.942,1
3.961,1
3.98,1
3.998,1
4.017,1
4.037,1
4.056,1
4.075,1
4.094,1
4.113,1
4.133,1
4.152,1
4.171,1
4.19,1
4.209,1
4.229,1
4.248,1
4.267,1
4.286,1
4.306,1
4.325,1
4.345,1
4.364,1
4.383,1
4.402,1
4.421,1
4.441,1
4.46,1
4.479,1
4.498,1
4.517,1
4.537,1
4.556,1
4.575,1
4.593,1
4.612,1
4.632,1
4.651,1
4.67,1
4.689,1
4.708,1
4.727,1
4.747,1
4.766,0
4.785,0
4.805,0
4.824,0
4.844,0
4.863,0
4.882,0
4.9,0
4.919,0
4.939,0
4.958,0
4.977,0
4.996,1
5.015,1
5.034,1
5.054,1
5.078,1
5.098,1
5.117,1
5.136,1
5.156,1
5.175,1
5.194,1
5.214,1
5.233,1
5.253,1
5.272,1
5.291,1
5.31,1
5.329,1
5.349,1
5.368,1
5.387,1
5.406,1
5.425,1
5.445,1
5.464,1
5.483,1
5.502,1
5.521,1
5.541,1
5.56,1
5.58,1
5.6,1
5.619,1
5.638,1
5.657,1
5.677,1
5.696,1
5.715,1
5.734,1
5.754,1
5.773,1
5.793,1
5.812,1
5.831,1
5.85,1
5.87,1
5.889,1
5.908,1
5.927,1
5.946,1
5.965,1
5.985,1
6.004,1
6.023,1
6.042,1
6.061,1
6.081,1
6.1,1
6.119,1
6.138,1
6.158,1
6.178,1
6.197,1
6.216,1
6.235,1
6.254,1
6.273,1
6.293,1
6.312,1
6.331,1
6.35,1
6.369,1
6.389,1
6.408,0
6.427,0
6.446,0
6.466,0
6.485,0
6.504,0
6.523,0
6.542,0
6.561,0
6.581,0
6.6,0
6.619,0
6.638,0
6.657,1
6.677,1
6.696,1
6.715,1
6.734,1
6.754,1
6.773,1
6.793,1
6.812,1
6.831,1
6.85,1
6.869,1
6.889,1
6.908,1
6.927,1
6.946,1
6.966,1
6.986,1
7.005,1
7.024,1
7.043,1
7.062,1
7.082,1
7.101,1
7.12,1
7.139,1
7.158,1
7.178,1
7.197,1
7.216,1
7.235,1
7.255,1
7.274,1
7.294,1
7.357,1
7.376,1
7.395,1
7.415,1
7.434,1
7.453,1
7.472,1
7.492,1
7.511,1
7.531,1
7.55,1
7.569,1
7.588,1
7.607,1
7.627,1
7.646,1
7.665,1
7.684,1
7.703,1
7.722,1
7.742,1
7.761,1
7.78,1
7.799,1
7.818,1
7.838,1
7.857,1
7.876,1
7.895,1
7.914,1
7.933,1
7.953,1
7.972,1
7.991,1
8.01,1
8.03,1
8.049,1
8.069,1
8.088,1
8.107,0
8.126,0
8.145,0
8.164,0
8.184,0
8.203,0
8.222,0
8.241,0
8.26,0
8.28,0
8.299,0
8.318,0
8.337,0
8.356,1
8.376,1
8.395,1
8.414,1
8.433,1
8.451,1
8.47,1
8.49,1
8.509,1
8.528,1
8.547,1
8.567,1
8.586,1
8.606,1
8.625,1
8.644,1
8.663,1
8.683,1
8.702,1
8.722,1
8.741,1
8.76,1
8.779,1
8.798,1
8.818,1
8.837,1
8.856,1
8.875,1
8.894,1
8.913,1
8.933,1
8.952,1
8.971,1
8.99,1
9.009,1
9.028,1
9.048,1
9.067,1
9.086,1
9.105,1
9.124,1
9.143,1
9.163,1
9.182,1
9.201,1
9.22,1
9.239,1
9.259,1
9.278,1
9.297,1
9.316,1
9.336,1
9.355,1
9.375,1
9.394,1
9.413,1
9.433,1
9.452,1
9.472,1
9.491,1
9.51,1
9.529,1
9.548,1
9.567,1
9.587,1
9.606,1
9.625,1
9.644,1
9.663,1
9.682,1
9.702,1
9.721,1
9.74,1
9.759,0
9.778,0
9.798,0
9.817,0
9.836,0
9.855,0
9.874,0
9.893,0
9.913,0
9.932,0
9.951,0
9.97,0
9.99,1
10.01,1
10.029,1
10.048,1
10.067,1
10.087,1
10.107,1
10.126,1
10.144,1
10.163,1
10.183,1
10.202,1
10.221,1
10.24,1
10.259,1
10.278,1
10.298,1
10.32,1
10.34,1
10.36,1
10.382,1
10.402,1
10.421,1
10.441,1
10.461,1
10.48,1
10.499,1
10.518,1
10.537,1
10.557,1
10.578,1
10.597,1
10.617,1
10.636,1
10.656,1
10.675,1
10.694,1
10.714,1
10.733,1
10.753,1
10.772,1
10.791,1
10.81,1
10.829,1
10.848,1
10.868,1
10.887,1
10.906,1
10.925,1
10.944,1
10.963,1
10.983,1
11.002,1
11.021,1
11.04,1
11.059,1
11.078,1
11.098,1
11.117,1
11.136,1
11.155,1
11.174,1
11.194,1
11.213,1
11.232,1
11.252,1
11.271,1
11.291,1
11.31,1
11.329,1
11.348,1
11.368,1
11.387,1
11.407,1
11.426,1
11.445,0
11.465,0
11.484,0
11.504,0
11.523,0
11.542,0
11.561,0
11.58,0
11.6,0
11.619,0
11.638,0
11.657,0
11.676,1
11.695,1
11.715,1
11.734,1
11.753,1
11.772,1
11.791,1
11.811,1
11.83,1
11.849,1
11.868,1
11.887,1
11.907,1
11.926,1
11.945,1
11.964,1
11.983,1
12.002,1
12.022,1
12.041,1
12.06,1
12.079,1
12.099,1
12.118,1
12.138,1
12.157,1
12.176,1
12.195,1
12.214,1
12.233,1
12.253,1
12.272,1
12.291,1
12.31,1
12.329,1
12.348,1
12.368,1
12.387,1
12.406,1
12.425,1
12.445,1
12.464,1
12.483,1
12.502,1
12.521,1
12.54,1
12.56,1
12.579,1
12.598,1
12.617,1
12.637,1
12.656,1
12.676,1
12.695,1
12.714,1
12.733,1
12.752,1
12.771,1
12.791,1
12.81,1
12.829,1
12.848,1
12.867,1
12.886,1
12.906,1
12.925,1
12.944,1
12.963,1
12.984,1
13.003,1
13.022,1
13.041,1
13.061,1
13.08,1
13.099,0
13.119,0
13.138,0
13.158,0
13.177,0
13.196,0
13.215,0
13.234,0
13.253,0
13.273,0
13.292,0
13.311,0
13.33,0
13.349,1
13.368,1
13.388,1
13.407,1
13.426,1
13.445,1
13.464,1
13.483,1
13.503,1
13.522,1
13.541,1
13.559,1
13.578,1
13.598,1
13.617,1
13.636,1
13.656,1
13.675,1
13.695,1
13.714,1
13.733,1
13.752,1
13.772,1
13.791,1
13.811,1
13.83,1
13.849,1
13.868,1
13.887,1
13.907,1
13.926,1
13.945,1
13.964,1
13.983,1
14.003,1
14.022,1
14.041,1
14.059,1
14.078,1
14.098,1
14.117,1
14.136,1
14.155,1
14.175,1
14.195,1
14.214,1
14.233,1
14.252,1
14.271,1
14.29,1
14.31,1
14.329,1
14.348,1
14.367,1
14.386,1
14.405,1
14.425,1
14.444,1
14.463,1
14.482,1
14.501,1
14.521,1
14.54,1
14.559,1
14.578,1
14.598,1
14.617,1
14.637,1
14.656,1
14.675,1
14.694,1
14.713,1
14.732,1
14.752,1
14.771,1
14.79,0
14.81,0
14.829,0
14.849,0
14.868,0
14.887,0
14.906,0
14.925,0
14.945,0
14.964,0
14.983,0
15.002,0
15.022,1
15.041,1
15.061,1
15.08,1
15.099,1
15.119,1
15.139,1
15.158,1
15.177,1
15.196,1
15.215,1
15.234,1
15.254,1
15.273,1
15.292,1
15.311,1
15.33,1
15.35,1
15.369,1
15.39,1
15.41,1
15.43,1
15.449,1
15.468,1
15.487,1
15.507,1
15.526,1
15.546,1
15.565,1
15.584,1
15.604,1
15.623,1
15.642,1
15.661,1
15.68,1
15.7,1
15.719,1
15.738,1
15.757,1
15.776,1
15.796,1
15.815,1
15.834,1
15.853,1
15.873,1
15.892,1
15.912,1
15.931,1
15.95,1
15.969,1
15.988,1
16.008,1
16.027,1
16.046,1
16.065,1
16.084,1
16.104,1
16.123,1
16.142,1
16.161,1
16.181,1
16.2,1
16.22,1
16.239,1
16.258,1
16.277,1
16.297,1
16.316,1
16.336,1
16.355,1
16.374,1
16.393,1
16.412,1
16.431,1
16.451,0
16.47,0
16.489,0
16.508,0
16.527,0
16.546,0
16.566,0
16.585,0
16.604,0
16.623,0
16.643,0
16.662,0
16.681,1
16.7,1
16.719,1
16.738,1
16.758,1
16.777,1
16.796,1
16.815,1
16.834,1
16.853,1
16.873,1
16.892,1
16.911,1
16.93,1
16.949,1
16.968,1
16.988,1
17.007,1
17.026,1
17.045,1
17.064,1
17.083,1
17.103,1
17.122,1
17.141,1
17.16,1
17.179,1
17.199,1
17.218,1
17.237,1
17.257,1
17.276,1
17.296,1
17.315,1
17.334,1
17.353,1
17.373,1
17.392,1
17.412,1
17.431,1
17.45,1
17.469,1
17.488,1
17.507,1
17.527,1
17.546,1
17.566,1
17.585,1
17.604,1
17.623,1
17.642,1
17.662,1
17.681,1
17.7,1
17.718,1
17.737,1
17.757,1
17.776,1
17.797,1
17.816,1
17.835,1
17.854,1
17.873,1
17.893,1
17.912,1
17.931,1
17.95,1
17.969,1
17.988,1
18.008,1
18.027,1
18.046,1
18.065,1
18.084,1
18.103,1
18.123,0
18.142,0
18.161,0
18.181,0
18.2,0
18.22,0
18.239,0
18.258,0
18.277,0
18.296,0
18.315,0
18.335,0
18.354,0
18.373,1
18.391,1
18.41,1
18.43,1
18.449,1
18.468,1
18.488,1
18.507,1
18.527,1
18.546,1
18.565,1
18.584,1
18.603,1
18.623,1
18.642,1
18.661,1
18.68,1
18.7,1
18.719,1
18.739,1
18.758,1
18.777,1
18.796,1
18.815,1
18.834,1
18.854,1
18.873,1
18.892,1
18.911,1
18.93,1
18.949,1
18.969,1
18.988,1
19.007,1
19.027,1
19.046,1
19.066,1
19.086,1
19.105,1
19.124,1
19.143,1
19.162,1
19.181,1
19.201,1
19.22,1
19.239,1
19.258,1
19.277,1
19.296,1
19.316,1
19.335,1
19.354,1
19.373,1
19.392,1
19.412,1
19.431,1
19.45,1
19.469,1
19.487,1
19.506,1
19.526,1
19.545,1
19.564,1
19.583,1
19.602,1
19.622,1
19.641,1
19.66,1
19.679,1
19.698,1
19.718,1
19.737,1
19.756,1
19.775,1
19.794,0
19.813,0
19.833,0
19.852,0
19.871,0
19.89,0
19.91,0
19.929,0
19.949,0
19.968,0
19.987,0
20.006,0
20.025,1
20.044,1
20.064,1
20.083,1
20.102,1
20.121,1
20.141,1
20.16,1
20.179,1
20.198,1
20.217,1
20.237,1
20.256,1
20.275,1
20.295,1
20.314,1
20.334,1
20.353,1
20.372,1
20.391,1
20.41,1
20.43,1
20.449,1
20.468,1
20.487,1
20.507,1
20.526,1
20.546,1
20.565,1
20.584,1
20.604,1
20.624,1
20.643,1
20.662,1
20.682,1
20.701,1
20.721,1
20.74,1
20.759,1
20.778,1
20.798,1
20.818,1
20.837,1
20.856,1
20.875,1
20.894,1
20.914,1
20.933,1
20.952,1
20.971,1
20.99,1
21.009,1
21.029,1
21.048,1
21.067,1
21.086,1
21.105,1
21.124,1
21.144,1
21.163,1
21.182,1
21.201,1
21.22,1
21.239,1
21.259,1
21.278,1
21.297,1
21.316,1
21.335,1
21.354,1
21.374,1
21.393,1
21.412,1
21.432,1
21.452,1
21.471,0
21.49,0
21.509,0
21.528,0
21.547,0
21.567,0
21.586,0
21.605,0
21.625,0
21.644,0
21.662,0
21.681,0
21.701,0
21.72,1
21.739,1
21.758,1
21.777,1
21.796,1
21.816,1
21.835,1
21.854,1
21.873,1
21.892,1
21.912,1
21.931,1
21.95,1
21.969,1
21.989,1
22.009,1
22.028,1
22.047,1
22.066,1
22.085,1
22.105,1
22.124,1
22.143,1
22.162,1
22.181,1
22.201,1
22.22,1
22.239,1
22.258,1
22.278,1
22.297,1
22.317,1
22.336,1
22.355,1
22.374,1
22.393,1
22.413,1
22.432,1
22.451,1
22.47,1
22.489,1
22.508,1
22.528,1
22.547,1
22.566,1
22.585,1
22.605,1
22.624,1
22.644,1
22.663,1
22.682,1
22.702,1
22.721,1
22.741,1
22.76,1
22.779,1
22.798,1
22.817,1
22.837,1
22.856,1
22.875,1
22.894,1
22.914,1
22.933,1
22.953,1
22.972,1
22.991,1
23.01,1
23.029,1
23.048,1
23.068,1
23.087,1
23.106,1
23.125,0
23.144,0
23.163,0
23.183,0
23.202,0
23.221,0
23.241,0
23.261,0
23.28,0
23.299,0
23.318,0
23.338,0
23.357,1
23.377,1
23.396,1
23.415,1
23.433,1
23.452,1
23.472,1
23.491,1
23.51,1
23.529,1
23.549,1
23.568,1
23.588,1
23.607,1
23.626,1
23.645,1
23.664,1
23.683,1
23.703,1
23.722,1
23.741,1
23.76,1
23.78,1
23.799,1
23.819,1
23.838,1
23.857,1
23.876,1
23.896,1
23.915,1
23.934,1
23.953,1
23.972,1
23.992,1
24.011,1
24.03,1
24.049,1
24.069,1
24.088,1
24.107,1
24.126,1
24.146,1
24.165,1
24.185,1
24.204,1
24.223,1
24.242,1
24.261,1
24.281,1
24.3,1
24.319,1
24.338,1
24.357,1
24.376,1
24.396,1
24.415,1
24.434,1
24.452,1
24.471,1
24.491,1
24.51,1
24.529,1
24.548,1
24.567,1
24.586,1
24.606,1
24.625,1
24.644,1
24.664,1
24.683,1
24.703,1
24.722,1
24.741,1
24.76,1
24.779,1
24.798,1
24.818,0
24.837,0
24.856,0
24.875,0
24.894,0
24.913,0
24.933,0
24.952,0
24.971,0
24.99,0
25.009,0
25.029,0
25.048,1
25.067,1
25.086,1
25.105,1
25.125,1
25.144,1
25.164,1
25.183,1
25.203,1
25.222,1
25.241,1
25.26,1
25.279,1
25.299,1
25.318,1
25.337,1
25.356,1
25.375,1
25.394,1
25.414,1
25.433,1
25.452,1
25.471,1
25.49,1
25.509,1
25.529,1
25.548,1
25.567,1
25.586,1
25.606,1
25.625,1
25.645,1
25.665,1
25.684,1
25.703,1
25.722,1
25.741,1
25.76,1
25.78,1
25.799,1
25.818,1
25.837,1
25.856,1
25.875,1
25.895,1
25.914,1
25.933,1
25.952,1
25.971,1
25.99,1
26.01,1
26.029,1
26.048,1
26.067,1
26.086,1
26.105,1
26.125,1
26.144,1
26.163,1
26.183,1
26.202,1
26.222,1
26.241,1
26.26,1
26.28,1
26.299,1
26.319,1
26.338,1
26.357,1
26.376,1
26.395,1
26.414,1
26.434,1
26.453,1
26.472,0
26.491,0
26.51,0
26.53,0
26.549,0
26.568,0
26.587,0
26.607,0
26.626,0
26.646,0
26.665,0
26.684,0
26.703,1
26.722,1
26.741,1
26.761,1
26.78,1
26.799,1
26.818,1
26.837,1
26.857,1
26.876,1
26.895,1
26.914,1
26.933,1
26.953,1
26.972,1
26.991,1
27.01,1
27.029,1
27.048,1
27.068,1
27.087,1
27.106,1
27.125,1
27.144,1
27.164,1
27.183,1
27.202,1
27.221,1
27.241,1
27.26,1
27.28,1
27.299,1
27.318,1
27.337,1
27.357,1
27.376,1
27.396,1
27.415,1
27.434,1
27.453,1
27.472,1
27.492,1
27.511,1
27.53,1
27.549,1
27.568,1
27.587,1
27.607,1
27.626,1
27.645,1
27.664,1
27.683,1
27.703,1
27.722,1
27.741,1
27.76,1
27.78,1
27.799,1
27.819,1
27.838,1
27.857,1
27.876,1
27.896,1
27.915,1
27.935,1
27.954,1
27.973,1
27.992,1
28.01,1
28.029,1
28.049,1
28.068,1
28.087,1
28.106,1
28.125,1
28.145,0
28.164,0
28.183,0
28.202,0
28.221,0
28.24,0
28.26,0
28.279,0
28.298,0
28.317,0
28.336,0
28.355,0
28.375,0
28.394,1
28.413,1
28.432,1
28.451,1
28.47,1
28.49,1
28.509,1
28.528,1
28.547,1
28.566,1
28.585,1
28.605,1
28.625,1
28.645,1
28.664,1
28.683,1
28.702,1
28.721,1
28.741,1
28.76,1
28.779,1
28.798,1
28.818,1
28.838,1
28.857,1
28.876,1
28.895,1
28.915,1
28.934,1
28.954,1
28.973,1
28.992,1
29.011,1
29.03,1
29.049,1
29.069,1
29.088,1
29.107,1
29.126,1
29.145,1
29.164,1
29.184,1
29.203,1
29.222,1
29.24,1
29.26,1
29.279,1
29.298,1
29.317,1
29.336,1
29.355,1
29.375,1
29.394,1
29.413,1
29.432,1
29.451,1
29.471,1
29.49,1
29.509,1
29.528,1
29.547,1
29.566,1
29.586,1
29.605,1
29.624,1
29.643,1
29.662,1
29.681,1
29.701,1
29.72,1
29.739,1
29.758,1
29.777,1
29.796,1
29.816,0
29.835,0
29.854,0
29.873,0
29.893,0
29.912,0
29.931,0
29.95,0
29.97,0
29.989,0
