0.823,72.90400972053463
1.944,53.52363960749331
3.039,54.794520547945204
4.18,52.58545135845749
5.265,55.29953917050691
6.4,52.863436123348016
7.505,54.29864253393665
8.623,53.66726296958855
9.72,54.69462169553327
10.851,53.05039787798408
11.965,53.85996409335726
13.081,53.76344086021505
14.176,54.794520547945204
15.308,53.0035335689046
16.403,54.794520547945204
17.538,52.863436123348016
18.631,54.89478499542544
19.768,52.770448548812666
20.865,54.69462169553327
22,52.863436123348016
23.093,54.89478499542544
24.233,52.631578947368425
25.329,54.794520547945204
26.447,53.66726296958855
27.546,54.5950864422202
28.68,52.9567519858782
29.782,54.44646098003629
