0.164,365.8536585365853
1.272,54.15162454873646
2.398,53.28596802841919
3.496,54.64480874316939
4.616,53.57142857142857
5.716,54.54545454545454
6.858,52.53940455341507
7.953,54.794520547945204
9.073,53.61930294906166
10.17,54.64480874316939
11.304,52.91005291005291
12.402,54.64480874316939
13.537,52.863436123348016
14.638,54.49591280653951
15.753,53.81165919282511
16.848,54.794520547945204
17.986,52.72407732864675
19.087,54.49591280653951
20.221,52.91005291005291
21.317,54.74452554744525
22.433,53.76344086021505
23.549,53.76344086021505
24.663,53.85996409335726
25.759,54.74452554744525
26.893,52.91005291005291
27.984,54.995417048579284
29.123,52.67778753292362
