0.718,83.68200836820084
1.84,53.475935828877
2.949,54.10279531109107
4.065,53.76344086021505
5.183,53.66726296958855
6.294,54.005400540054005
7.406,53.956834532374096
8.534,53.19148936170213
9.625,54.995417048579284
10.753,53.19148936170213
11.864,54.005400540054005
12.975,54.005400540054005
14.086,54.005400540054005
15.211,53.333333333333336
16.31,54.5950864422202
17.443,52.9567519858782
18.535,54.995417048579284
19.664,53.144375553587246
20.759,54.794520547945204
21.892,52.9567519858782
22.985,54.89478499542544
24.115,53.144375553587246
25.225,54.05405405405405
26.342,53.71530886302596
27.438,54.74452554744525
28.566,53.19148936170213
29.684,53.66726296958855
