0.399,150.37593984962405
1.516,53.71530886302596
2.637,53.52363960749331
3.734,54.69462169553327
4.867,52.9567519858782
5.98,53.908355795148246
7.095,53.81165919282511
8.187,54.94505494505494
9.308,53.52363960749331
10.42,53.956834532374096
11.551,53.05039787798408
12.662,54.005400540054005
13.774,53.956834532374096
14.884,54.05405405405405
15.996,53.956834532374096
17.104,54.15162454873646
18.237,52.9567519858782
19.372,52.863436123348016
20.484,53.956834532374096
21.597,53.908355795148246
22.71,53.908355795148246
23.822,53.956834532374096
24.953,53.05039787798408
26.045,54.94505494505494
27.171,53.28596802841919
28.281,54.05405405405405
29.393,53.956834532374096
