0.336,179.1044776119403
1.455,53.61930294906166
2.565,54.05405405405405
3.675,54.05405405405405
5.056,43.44677769732078
6.156,54.54545454545454
7.29,52.91005291005291
8.387,54.69462169553327
9.501,53.908355795148246
10.612,54.005400540054005
11.746,52.91005291005291
12.841,54.794520547945204
13.957,53.76344086021505
15.064,54.200542005420054
16.197,52.9567519858782
17.309,53.956834532374096
18.425,53.76344086021505
19.522,54.69462169553327
20.638,53.76344086021505
21.748,54.05405405405405
22.881,52.9567519858782
23.993,53.956834532374096
25.086,54.89478499542544
26.215,53.19148936170213
27.327,53.956834532374096
28.439,53.956834532374096
29.56,53.52363960749331
