1.776,33.802816901408455
4.768,20.053475935828878
7.778,19.93355481727575
10.777,20.006668889629875
13.807,19.801980198019802
16.787,20.13422818791946
19.812,19.834710743801654
22.823,19.926934573231485
25.824,19.99333555481506
28.8,20.161290322580644
31.833,19.782393669634025
34.84,19.953441968739607
37.852,19.9203187250996
40.839,20.08704385671242
43.865,19.834710743801654
46.859,20.040080160320638
49.876,19.887305270135897
52.854,20.147750167897918
55.903,19.678583142013775
58.872,20.20882452004042
61.919,19.691499835904168
64.893,20.181634712411707
67.939,19.697964543663822
70.913,20.174848688634835
73.942,19.808517662594916
76.912,20.2020202020202
79.963,19.672131147540984
82.95,20.08704385671242
85.962,19.9203187250996
88.959,20.02002002002002
